0.02122601307928562
0.021225854754447937
0.021226221695542336
0.021225756034255028
0.02122608572244644
0.021226346492767334
0.02122652716934681
0.021226052194833755
0.02122618816792965
0.02122603915631771
0.021226493641734123
0.02122574858367443
0.021225865930318832
0.021226534619927406
0.02122616022825241
0.02122601680457592
0.02122613415122032
0.02122587151825428
0.02122638188302517
0.021225912496447563
0.021225934848189354
0.021225811913609505
0.021226225420832634
0.021225852891802788
0.02122560143470764
0.021225761622190475
0.02122650295495987
0.021225707605481148
0.021225903183221817
0.021226365119218826
0.021226422861218452
0.02122560515999794
0.021226489916443825
0.02122616395354271
0.02122564986348152
0.021226389333605766
0.02122565545141697
0.021226508542895317
0.021226344630122185
0.021226339042186737
0.02122647874057293
0.021225782111287117
0.021226510405540466
0.021226083859801292
0.021226011216640472
0.021226562559604645
0.021226314827799797
0.02122652158141136
0.021226193755865097
0.0212260615080595
0.021226268261671066
0.021225806325674057
0.021225718781352043
0.021226150915026665
0.02122604474425316
0.021226199343800545
0.02122638002038002
0.021226441487669945
0.02122635766863823
0.02122577093541622
0.021225854754447937
0.021225709468126297
0.021225623786449432
0.02122603729367256
0.02122567780315876
0.021225782111287117
0.021226055920124054
0.021226175129413605
0.02122645266354084
0.021225903183221817
0.021226009353995323
0.021225759759545326
0.021225737407803535
0.021226437762379646
0.021226096898317337
0.021225905045866966
0.021225709468126297
0.021226083859801292
0.021226240321993828
0.02122560329735279
0.021225588396191597
0.021226365119218826
0.0212265457957983
0.021226001903414726
0.021225759759545326
0.02122649736702442
0.021225666627287865
0.02122597023844719
0.021225621923804283
0.02122603915631771
0.021226396784186363
0.02122633345425129
0.02122608572244644
0.02122640796005726
0.02122623287141323
0.02122564986348152
0.02122606337070465
0.02122623100876808
0.02122601680457592
0.021225731819868088
0.021226193755865097
0.021226180717349052
0.02122613973915577
0.021225592121481895
0.02122577838599682
0.021226584911346436
0.021225985139608383
0.021226506680250168
0.021226420998573303
0.021225951611995697
0.021226078271865845
0.021225880831480026
0.02122604101896286
0.02122616209089756
0.021226435899734497
0.021226417273283005
0.021226050332188606
0.0212265457957983
0.02122586779296398
0.0212260615080595
0.02122560702264309
0.02122604288160801
0.021225616335868835
0.021225860342383385
0.021225882694125175
0.021225934848189354
0.02122647315263748
0.021226491779088974
0.02122601866722107
0.021225828677415848
0.021226102486252785
0.021225890144705772
0.021225780248641968
0.021226510405540466
0.021226054057478905
0.021226026117801666
0.021225662901997566
0.02122589945793152
0.02122601866722107
0.021226447075605392
0.021225932985544205
0.021226441487669945
0.02122649922966957
0.02122638374567032
0.021226143464446068
0.021225901320576668
0.021225623786449432
0.02122560702264309
0.021226387470960617
0.021225858479738235
0.02122577838599682
0.02122609131038189
0.021226484328508377
0.02122584730386734
0.02122647874057293
0.021226229146122932
0.021226176992058754
0.021225644275546074
0.021225659176707268
0.021226493641734123
0.02122616395354271
0.021225910633802414
0.02122567594051361
0.02122579514980316
0.021225828677415848
0.02122589200735092
0.021225720643997192
0.021226514130830765
0.02122620865702629
0.02122623473405838
0.02122572995722294
0.021225696429610252
0.02122643031179905
0.021226298063993454
0.021226346492767334
0.021226370707154274
0.021226515993475914
0.02122616395354271
0.021226420998573303
0.021225690841674805
0.021225659176707268
0.02122577279806137
0.02122633531689644
0.02122620865702629
0.021226422861218452
0.021226054057478905
0.02122565545141697
0.02122604474425316
0.021226391196250916
0.021226445212960243
0.021225929260253906
0.021226132288575172
0.021226078271865845
0.021225757896900177
0.021226024255156517
0.021226461976766586
0.0212259478867054
0.021226102486252785
0.021225638687610626
0.021225692704319954
0.021226538345217705
0.021226054057478905
0.02122611366212368
0.02122572809457779
0.021225934848189354
0.02122577838599682
0.021225610747933388
0.021226126700639725
0.021226555109024048
0.02122644893825054
0.021226467564702034
0.02122572250664234
0.021226339042186737
0.02122577466070652
0.021226204931735992
0.021225744858384132
0.021226264536380768
0.02122640423476696
0.021226439625024796
0.021226126700639725
0.021226273849606514
0.021226326003670692
0.021225688979029655
0.021226098760962486
0.02122628130018711
0.021225769072771072
0.021226301789283752
0.02122638374567032
0.02122602052986622
0.021225806325674057
0.021226080134510994
0.021225837990641594
0.021226104348897934
0.021225610747933388
0.021225951611995697
0.021226389333605766
0.02122657373547554
0.021226437762379646
0.021226568147540092
0.021226264536380768
0.021226519718766212
0.021225841715931892
0.0212259441614151
0.021226227283477783
0.021225985139608383
0.02122637629508972
0.021226385608315468
0.021225929260253906
0.021226558834314346
0.021226484328508377
0.021225757896900177
0.021225616335868835
0.021225856617093086
0.021225808188319206
0.02122599072754383
0.02122637629508972
0.021226387470960617
0.021226154640316963
0.021226532757282257
0.021226253360509872
0.02122604474425316
0.02122628130018711
0.02122594602406025
0.02122584357857704
0.021225595846772194
0.021225955337285995
0.021226299926638603
0.02122585102915764
0.02122574858367443
0.021226035431027412
0.0212263073772192
0.021226240321993828
0.021225953474640846
0.02122582122683525
0.02122625708580017
0.02122577838599682
0.021226057782769203
0.02122601307928562
0.02122652344405651
0.021226193755865097
0.021226566284894943
0.02122597210109234
0.02122567780315876
0.021226493641734123
0.021226247772574425
0.0212264247238636
0.021226050332188606
0.021226411685347557
0.021225856617093086
0.021226149052381516
0.021225959062576294
0.021226393058896065
0.02122649736702442
0.02122567407786846
0.021225733682513237
0.021226240321993828
0.021225836127996445
0.0212260615080595
0.02122613415122032
0.02122645080089569
0.021225670352578163
0.021226372569799423
0.02122604474425316
0.02122601494193077
0.021225890144705772
0.021226391196250916
0.021226346492767334
0.021226193755865097
0.02122613787651062
0.021225672215223312
0.021226143464446068
0.021225705742836
0.02122601494193077
0.02122594229876995
0.02122613601386547
0.021225983276963234
0.021225890144705772
0.021226026117801666
0.021225834265351295
0.02122645080089569
0.02122621238231659
0.02122560143470764
0.021226583048701286
0.02122615836560726
0.02122645452618599
0.021226098760962486
0.021226437762379646
0.021226000040769577
0.021225886419415474
0.021226253360509872
0.021226493641734123
0.021225683391094208
0.0212259404361248
0.021225756034255028
0.021226035431027412
0.02122647315263748
0.02122589386999607
0.021226486191153526
0.021225716918706894
0.021226396784186363
0.021226299926638603
0.021225705742836
0.021225787699222565
0.021226240321993828
0.02122647874057293
0.021225852891802788
0.02122650481760502
0.021225854754447937
0.02122623100876808
0.021226046606898308
0.021225828677415848
0.02122575230896473
0.021226530894637108
0.021226130425930023
0.02122567966580391
0.021226203069090843
0.02122567407786846
0.021226143464446068
0.02122577466070652
0.021226251497864723
0.021226344630122185
0.021225692704319954
0.021226394921541214
0.02122642658650875
0.02122606337070465
0.021226132288575172
0.021226219832897186
0.021226081997156143
0.021225711330771446
0.021226027980446815
0.021226370707154274
0.021225782111287117
0.021226540207862854
0.02122572250664234
0.021226035431027412
0.02122611179947853
0.021226318553090096
0.02122597023844719
0.021225638687610626
0.02122632972896099
0.02122606337070465
0.02122650481760502
0.021225769072771072
0.0212259441614151
0.02122601494193077
0.021226340904831886
0.021226298063993454
0.021226059645414352
0.021225623786449432
0.021225953474640846
0.021225737407803535
0.02122645638883114
0.0212259404361248
0.021225731819868088
0.02122613601386547
0.02122620865702629
0.0212258230894804
0.021225953474640846
0.0212256982922554
0.021225621923804283
0.021225951611995697
0.021225623786449432
0.02122632972896099
0.021225828677415848
0.021226221695542336
0.021225741133093834
0.021225836127996445
0.021226275712251663
0.02122609317302704
0.021226266399025917
0.02122603915631771
0.02122565731406212
0.021225662901997566
0.021226566284894943
0.02122577838599682
0.021226301789283752
0.021226167678833008
0.021226095035672188
0.02122572436928749
0.02122572995722294
0.02122565172612667
0.021226290613412857
0.02122623845934868
0.021226128563284874
0.02122611552476883
0.02122635208070278
0.02122567780315876
0.021226154640316963
0.021225877106189728
0.021225832402706146
0.021225640550255775
0.02122586965560913
0.021226467564702034
0.021225610747933388
0.02122598886489868
0.021226568147540092
0.021226467564702034
0.021226266399025917
0.02122604474425316
0.021225620061159134
0.02122633159160614
0.0212259404361248
0.021226050332188606
0.02122635580599308
0.021225707605481148
0.021226249635219574
0.021226579323410988
0.021225696429610252
0.021225597709417343
0.021225906908512115
0.021226081997156143
0.021225864067673683
0.02122582122683525
0.02122620865702629
0.021226584911346436
0.021225586533546448
0.021226512268185616
0.021226346492767334
0.02122609131038189
0.021225636824965477
0.02122630551457405
0.02122589200735092
0.02122589573264122
0.021226253360509872
0.02122645266354084
0.02122589573264122
0.02122652530670166
0.021225780248641968
0.021225810050964355
0.02122632972896099
0.021226488053798676
0.021225739270448685
0.02122592180967331
0.021225705742836
0.0212259478867054
0.021226240321993828
0.0212256982922554
0.021225979551672935
0.021225828677415848
0.02122563309967518
0.021226301789283752
0.021225636824965477
0.0212260652333498
0.02122613415122032
0.021226193755865097
0.021226540207862854
0.0212261863052845
0.02122589573264122
0.02122584544122219
0.021226471289992332
0.02122632786631584
0.02122608758509159
0.021226538345217705
0.021226365119218826
0.02122630923986435
0.02122574858367443
0.021226035431027412
0.021225690841674805
0.02122638002038002
0.021225910633802414
0.02122565172612667
0.021226493641734123
0.02122611552476883
0.021225662901997566
0.02122611552476883
0.02122594229876995
0.02122568152844906
0.021225756034255028
0.021226124837994576
0.021226326003670692
0.021225927397608757
0.02122620865702629
0.021225685253739357
0.021226245909929276
0.021226348355412483
0.02122645452618599
0.02122623287141323
0.02122613415122032
0.0212260689586401
0.021226081997156143
0.021225787699222565
0.02122574672102928
0.0212259478867054
0.021226003766059875
0.021226229146122932
0.021225839853286743
0.021225692704319954
0.021225718781352043
0.02122560888528824
0.021226534619927406
0.02122560702264309
0.021226337179541588
0.021225590258836746
0.021226229146122932
0.021225877106189728
0.021225983276963234
0.021225618198513985
0.02122647315263748
0.021226173266768456
0.02122567594051361
0.021225934848189354
0.02122657187283039
0.02122635394334793
0.021225688979029655
0.02122604474425316
0.021225888282060623
0.021225765347480774
0.021225983276963234
0.021226301789283752
0.021225962787866592
0.02122652344405651
0.021225837990641594
0.021225783973932266
0.021225955337285995
0.02122616022825241
0.02122610993683338
0.021225731819868088
0.02122635766863823
0.021226145327091217
0.021226566284894943
0.02122625522315502
0.021225692704319954
0.02122577093541622
0.02122640796005726
0.021226348355412483
0.02122655138373375
0.021226150915026665
0.021226439625024796
0.021226512268185616
0.021225741133093834
0.021226372569799423
0.02122574858367443
0.021226266399025917
0.02122606337070465
0.0212265457957983
0.021225828677415848
0.021226195618510246
0.02122565358877182
0.02122564986348152
0.02122649922966957
0.021226312965154648
0.02122640423476696
0.02122627943754196
0.021225685253739357
0.021226130425930023
0.021226121112704277
0.0212265495210886
0.021225610747933388
0.021225864067673683
0.021225884556770325
0.021226301789283752
0.021225692704319954
0.021226460114121437
0.021226391196250916
0.021226201206445694
0.021226422861218452
0.021225769072771072
0.0212265532463789
0.02122572809457779
0.02122575044631958
0.021226076409220695
0.02122649736702442
0.02122657746076584
0.021225683391094208
0.021226296201348305
0.0212260652333498
0.021226515993475914
0.021226391196250916
0.021225817501544952
0.021226337179541588
0.021225960925221443
0.02122584544122219
0.02122655138373375
0.021226489916443825
0.021225830540060997
0.021226391196250916
0.021226562559604645
0.021225810050964355
0.021225733682513237
0.021226024255156517
0.02122620865702629
0.021226095035672188
0.021225586533546448
0.02122613415122032
0.021226288750767708
0.021225936710834503
0.021226132288575172
0.02122597023844719
0.02122580260038376
0.02122577652335167
0.021225901320576668
0.02122623287141323
0.02122609317302704
0.021226143464446068
0.021226519718766212
0.02122597023844719
0.021225884556770325
0.02122640237212181
0.021226204931735992
0.02122604474425316
0.021225634962320328
0.02122644893825054
0.021225789561867714
0.021225769072771072
0.02122652716934681
0.02122635208070278
0.02122647315263748
0.021225642412900925
0.02122584544122219
0.02122572436928749
0.0212259441614151
0.02122618444263935
0.021225782111287117
0.021226482465863228
0.021226365119218826
0.02122597210109234
0.021225815638899803
0.02122654765844345
0.021226052194833755
0.02122599072754383
0.02122635766863823
0.021226128563284874
0.021225830540060997
0.021226396784186363
0.021226368844509125
0.021226488053798676
0.021226346492767334
0.021226176992058754
0.021225888282060623
0.02122589200735092
0.0212259441614151
0.021226415410637856
0.021225817501544952
0.021225597709417343
0.021225694566965103
0.021226271986961365
0.021225715056061745
0.02122594229876995
0.021225672215223312
0.021226199343800545
0.021225834265351295
0.021225817501544952
0.021225837990641594
0.021226046606898308
0.0212261900305748
0.02122633531689644
0.021226314827799797
0.021226128563284874
0.021226508542895317
0.021226374432444572
0.021225841715931892
0.02122610993683338
0.02122589200735092
0.021225979551672935
0.021225737407803535
0.021225929260253906
0.02122577652335167
0.021226152777671814
0.02122640796005726
0.02122575044631958
0.021226275712251663
0.021225808188319206
0.021226124837994576
0.021226074546575546
0.021226244047284126
0.021225808188319206
0.021225694566965103
0.0212263073772192
0.021225858479738235
0.02122611366212368
0.02122599445283413
0.021226176992058754
0.02122586779296398
0.021225905045866966
0.02122643031179905
0.021225592121481895
0.021225957199931145
0.0212265457957983
0.021225741133093834
0.021226242184638977
0.021226201206445694
0.02122589759528637
0.0212258230894804
0.021225718781352043
0.021226543933153152
0.021226495504379272
0.021225953474640846
0.02122587338089943
0.021226249635219574
0.02122577466070652
0.021226022392511368
0.02122623473405838
0.02122615836560726
0.021226314827799797
0.02122635953128338
0.02122572995722294
0.02122625708580017
0.02122577093541622
0.02122613973915577
0.0212264247238636
0.021226048469543457
0.021225780248641968
0.02122574672102928
0.02122648060321808
0.021226270124316216
0.021226493641734123
0.021226221695542336
0.0212260652333498
0.02122626081109047
0.021226193755865097
0.021225687116384506
0.021226057782769203
0.021225614473223686
0.021226199343800545
0.021225905045866966
0.021226482465863228
0.021225975826382637
0.021226445212960243
0.021226219832897186
0.021225927397608757
0.021225925534963608
0.021226391196250916
0.021226203069090843
0.021225644275546074
0.02122652903199196
0.021226171404123306
0.021225620061159134
0.02122657559812069
0.02122650295495987
0.021226245909929276
0.021225810050964355
0.021225789561867714
0.0212261900305748
0.02122587524354458
0.021225877106189728
0.021226316690444946
0.021226337179541588
0.02122620679438114
0.02122598886489868
0.021226268261671066
0.021226564422249794
0.021226273849606514
0.021226035431027412
0.02122577838599682
0.021226465702056885
0.021226247772574425
0.021226556971669197
0.021226292476058006
0.021225878968834877
0.021226458251476288
0.021226489916443825
0.021226443350315094
0.021226201206445694
0.02122623845934868
0.0212255846709013
0.021226316690444946
0.021225586533546448
0.021226508542895317
0.02122572623193264
0.021226203069090843
0.021225592121481895
0.02122632972896099
0.02122604474425316
0.021226244047284126
0.021225878968834877
0.021225672215223312
0.02122632786631584
0.02122652158141136
0.021226251497864723
0.02122591622173786
0.021225789561867714
0.021226076409220695
0.021226443350315094
0.021225763484835625
0.021226558834314346
0.02122565731406212
0.021226271986961365
0.021225623786449432
0.02122562751173973
0.021225586533546448
0.02122580073773861
0.021225735545158386
0.021225908771157265
0.021225841715931892
0.02122594229876995
0.021226292476058006
0.021225661039352417
0.021225936710834503
0.021226298063993454
0.02122592367231846
0.02122645080089569
0.021226054057478905
0.0212260652333498
0.021225634962320328
0.021226415410637856
0.02122654765844345
0.021225741133093834
0.02122616022825241
0.02122560515999794
0.02122582495212555
0.021226583048701286
0.021226491779088974
0.021225973963737488
0.02122623659670353
0.021226104348897934
0.02122584544122219
0.02122592367231846
0.021225914359092712
0.021225931122899055
0.021225742995738983
0.02122618444263935
0.021225690841674805
0.021226007491350174
0.021226193755865097
0.021225785836577415
0.021226154640316963
0.021226562559604645
0.0212259404361248
0.02122589200735092
0.02122640050947666
0.021226339042186737
0.02122611366212368
0.02122575417160988
0.021226072683930397
0.021225744858384132
0.021226519718766212
0.021225931122899055
0.02122649922966957
0.021226143464446068
0.021225685253739357
0.021226221695542336
0.021226385608315468
0.02122568152844906
0.021225716918706894
0.021225806325674057
0.02122614160180092
0.021226512268185616
0.021225929260253906
0.02122599259018898
0.021226463839411736
0.021225761622190475
0.021225998178124428
0.021225912496447563
0.02122577466070652
0.0212261825799942
0.021226447075605392
0.021226556971669197
0.021225932985544205
0.021226216107606888
0.021225618198513985
0.021226001903414726
0.021225709468126297
0.0212255846709013
0.021225932985544205
0.021226348355412483
0.02122652530670166
0.02122657001018524
0.021226458251476288
0.021225715056061745
0.021226277574896812
0.02122640423476696
0.021226104348897934
0.02122589759528637
0.021225791424512863
0.021225597709417343
0.021226122975349426
0.021226583048701286
0.021225688979029655
0.0212263111025095
0.021225620061159134
0.0212261863052845
0.02122584916651249
0.021225769072771072
0.0212261825799942
0.021226519718766212
0.021226000040769577
0.021226011216640472
0.021226301789283752
0.021226391196250916
0.021226173266768456
0.021226320415735245
0.021225785836577415
0.021225983276963234
0.02122560888528824
0.021225925534963608
0.02122563123703003
0.021225832402706146
0.021225804463028908
0.021226568147540092
0.021225588396191597
0.021225804463028908
0.0212263073772192
0.02122647874057293
0.021225998178124428
0.021226191893219948
0.02122577652335167
0.021226150915026665
0.02122606337070465
0.02122560702264309
0.0212258230894804
0.0212263111025095
0.02122603915631771
0.021226350218057632
0.02122572623193264
0.02122584357857704
0.021225789561867714
0.021225599572062492
0.021225960925221443
0.021226217970252037
0.02122577838599682
0.02122625894844532
0.021226508542895317
0.021226393058896065
0.021225616335868835
0.021226419135928154
0.02122649922966957
0.021225759759545326
0.02122652530670166
0.02122599445283413
0.02122654765844345
0.02122589945793152
0.021225646138191223
0.021226225420832634
0.021225711330771446
0.02122647874057293
0.021225735545158386
0.02122568152844906
0.02122577652335167
0.02122645452618599
0.021226471289992332
0.02122577466070652
0.021226052194833755
0.021225661039352417
0.021226339042186737
0.021226193755865097
0.021226095035672188
0.02122625894844532
0.021226225420832634
0.021226225420832634
0.02122604101896286
0.021226076409220695
0.02122657746076584
0.02122596837580204
0.02122608944773674
0.021226555109024048
0.021226312965154648
0.021226422861218452
0.021225610747933388
0.0212263036519289
0.021226417273283005
0.021225621923804283
0.02122657746076584
0.02122589759528637
0.02122647874057293
0.021226299926638603
0.021226435899734497
0.021225983276963234
0.021225586533546448
0.021226543933153152
0.02122647501528263
0.021225783973932266
0.021226031705737114
0.0212261863052845
0.021226180717349052
0.02122604288160801
0.02122626267373562
0.021226003766059875
0.021225905045866966
0.021226296201348305
0.0212258230894804
0.021226197481155396
0.0212259441614151
0.021225692704319954
0.02122604474425316
0.02122623100876808
0.02122618444263935
0.021225716918706894
0.021226197481155396
0.02122587524354458
0.021225733682513237
0.02122657559812069
0.021226108074188232
0.021226124837994576
0.02122562751173973
0.021225785836577415
0.02122587151825428
0.021225951611995697
0.02122640423476696
0.021226229146122932
0.02122647874057293
0.021226348355412483
0.021225789561867714
0.02122597210109234
0.02122560329735279
0.0212261825799942
0.021226100623607635
0.021226080134510994
0.021225735545158386
0.02122584357857704
0.021225672215223312
0.021226491779088974
0.02122643031179905
0.021226219832897186
0.02122604474425316
0.02122577093541622
0.02122630551457405
0.02122577652335167
0.021226271986961365
0.021225806325674057
0.021226251497864723
0.02122647687792778
0.02122594602406025
0.021225616335868835
0.021225614473223686
0.021226434037089348
0.02122657746076584
0.02122613601386547
0.02122560888528824
0.02122565358877182
0.021225903183221817
0.021226439625024796
0.021226227283477783
0.021225713193416595
0.021226057782769203
0.021226556971669197
0.021226560696959496
0.0212258193641901
0.021225672215223312
0.021225634962320328
0.021225815638899803
0.021226301789283752
0.02122599259018898
0.021226145327091217
0.02122562937438488
0.02122610993683338
0.02122643031179905
0.021225837990641594
0.02122623845934868
0.021226292476058006
0.02122594602406025
0.021226106211543083
0.021225813776254654
0.021225620061159134
0.021226391196250916
0.021225931122899055
0.02122632972896099
0.02122562564909458
0.0212264321744442
0.021225854754447937
0.02122647501528263
0.021226493641734123
0.02122616022825241
0.021226083859801292
0.021225767210125923
0.021226128563284874
0.021225742995738983
0.021225811913609505
0.021226555109024048
0.0212260652333498
0.02122613787651062
0.0212263036519289
0.0212257020175457
0.021225694566965103
0.021225593984127045
0.021226253360509872
0.0212258268147707
0.02122572623193264
0.02122601307928562
0.021225716918706894
0.021226495504379272
0.021226277574896812
0.02122567966580391
0.021226409822702408
0.021226057782769203
0.021226247772574425
0.021225610747933388
0.021225694566965103
0.02122647501528263
0.021225666627287865
0.021225718781352043
0.021225949749350548
0.02122603729367256
0.021226156502962112
0.021226316690444946
0.02122620865702629
0.021226566284894943
0.02122640050947666
0.02122565172612667
0.021226326003670692
0.021225998178124428
0.021225985139608383
0.021226150915026665
0.021226387470960617
0.021226294338703156
0.021225858479738235
0.02122621238231659
0.021226562559604645
0.02122625708580017
0.02122591622173786
0.02122584544122219
0.021225638687610626
0.021225927397608757
0.021226461976766586
0.021226417273283005
0.021226180717349052
0.02122652716934681
0.021226273849606514
0.02122592367231846
0.02122637815773487
0.0212264321744442
0.02122586965560913
0.02122635394334793
0.021225828677415848
0.021226145327091217
0.021225815638899803
0.021226106211543083
0.021226519718766212
0.02122582122683525
0.021226579323410988
0.02122572250664234
0.021225806325674057
0.021226244047284126
0.021225934848189354
0.02122623659670353
0.02122620865702629
0.02122615836560726
0.021226022392511368
0.02122628688812256
0.02122579887509346
0.021226461976766586
0.02122592367231846
0.021226366981863976
0.02122614160180092
0.02122567966580391
0.021226201206445694
0.02122601866722107
0.02122577093541622
0.02122580260038376
0.021226542070508003
0.02122621424496174
0.021225977689027786
0.0212258268147707
0.021226467564702034
0.021226240321993828
0.02122625894844532
0.021225914359092712
0.021225787699222565
0.02122591622173786
0.02122563123703003
0.02122577838599682
0.021225672215223312
0.02122604474425316
0.021225586533546448
0.021225936710834503
0.02122579701244831
0.0212265532463789
0.021225769072771072
0.021225817501544952
0.021226556971669197
0.02122606709599495
0.021225906908512115
0.021225741133093834
0.021226584911346436
0.021226385608315468
0.021225683391094208
0.021225716918706894
0.021226173266768456
0.021225880831480026
0.021225828677415848
0.02122635208070278
0.02122597210109234
0.0212258193641901
0.02122591994702816
0.02122620865702629
0.021226197481155396
0.02122616395354271
0.021226149052381516
0.02122579887509346
0.021226486191153526
0.02122572809457779
0.02122589759528637
0.02122650481760502
0.021226534619927406
0.021226294338703156
0.02122611552476883
0.021225979551672935
0.02122633345425129
0.02122650481760502
0.02122591808438301
0.02122652530670166
0.021226005628705025
0.021226024255156517
0.021226130425930023
0.021225648000836372
0.021225610747933388
0.021225757896900177
0.02122574672102928
0.021225715056061745
0.021225666627287865
0.02122645452618599
0.021226225420832634
0.021225834265351295
0.021226316690444946
0.021225987002253532
0.021225644275546074
0.021226348355412483
0.02122589200735092
0.021225955337285995
0.02122616209089756
0.021226046606898308
0.02122630551457405
0.02122560702264309
0.02122560329735279
0.021225841715931892
0.02122565172612667
0.021226434037089348
0.02122589200735092
0.021225761622190475
0.021225612610578537
0.021225769072771072
0.021225959062576294
0.021225716918706894
0.021226048469543457
0.021226050332188606
0.02122601494193077
0.02122591622173786
0.0212263036519289
0.021226443350315094
0.02122577279806137
0.021226301789283752
0.02122562751173973
0.021225839853286743
0.02122650481760502
0.02122584916651249
0.021225692704319954
0.021226316690444946
0.02122625894844532
0.021226098760962486
0.02122579514980316
0.021226515993475914
0.021226581186056137
0.02122584730386734
0.021225620061159134
0.021226240321993828
0.021226167678833008
0.021226249635219574
0.021226491779088974
0.02122611179947853
0.02122657001018524
0.02122587151825428
0.021226314827799797
0.02122565358877182
0.021225804463028908
0.02122616209089756
0.021226176992058754
0.02122599631547928
0.02122563309967518
0.021226275712251663
0.021225983276963234
0.02122601494193077
0.021225811913609505
0.021226070821285248
0.02122570015490055
0.021226143464446068
0.021225664764642715
0.021225860342383385
0.021226467564702034
0.02122621051967144
0.02122609131038189
0.0212265457957983
0.021226154640316963
0.02122602052986622
0.021226072683930397
0.02122616395354271
0.021226055920124054
0.02122628316283226
0.02122637629508972
0.0212256982922554
0.021226128563284874
0.021225981414318085
0.021225936710834503
0.021226469427347183
0.021226031705737114
0.02122627943754196
0.021226180717349052
0.021225644275546074
0.021225590258836746
0.02122591808438301
0.021226542070508003
0.021226361393928528
0.021226465702056885
0.021226530894637108
0.02122567966580391
0.02122611179947853
0.021225841715931892
0.02122657187283039
0.02122657001018524
0.021226095035672188
0.02122579701244831
0.021225662901997566
0.021226532757282257
0.02122587338089943
0.02122564986348152
0.021225715056061745
0.021226366981863976
0.02122589200735092
0.021225662901997566
0.021225597709417343
0.021225670352578163
0.021226536482572556
0.02122582495212555
0.021226372569799423
0.021225810050964355
0.021225646138191223
0.021225696429610252
0.02122632972896099
0.021225804463028908
0.02122647315263748
0.021226482465863228
0.021225830540060997
0.021226484328508377
0.021225668489933014
0.021226003766059875
0.021226312965154648
0.02122647874057293
0.0212263036519289
0.021226121112704277
0.02122647501528263
0.02122609317302704
0.021226417273283005
0.02122584544122219
0.02122597210109234
0.021225769072771072
0.02122596651315689
0.021225837990641594
0.021226169541478157
0.02122609131038189
0.021225959062576294
0.021226495504379272
0.021226005628705025
0.021225789561867714
0.021225642412900925
0.02122623659670353
0.02122625522315502
0.021226271986961365
0.02122586965560913
0.02122652903199196
0.021226299926638603
0.02122613601386547
0.02122587151825428
0.021225864067673683
0.021225620061159134
0.021226152777671814
0.021226296201348305
0.021225841715931892
0.02122596837580204
0.021225936710834503
0.02122574672102928
0.0212258193641901
0.021226514130830765
0.021225599572062492
0.021225860342383385
0.02122596465051174
0.021225709468126297
0.021225977689027786
0.021226245909929276
0.021226326003670692
0.02122621051967144
0.021226517856121063
0.021226078271865845
0.021225901320576668
0.02122584730386734
0.021226122975349426
0.021226348355412483
0.02122637815773487
0.02122579887509346
0.02122650295495987
0.0212260615080595
0.021225670352578163
0.021226033568382263
0.021226320415735245
0.021225998178124428
0.02122599631547928
0.021225741133093834
0.02122574672102928
0.021226439625024796
0.021225998178124428
0.02122625522315502
0.021226344630122185
0.021225640550255775
0.02122657001018524
0.0212261900305748
0.02122565545141697
0.021225839853286743
0.021226026117801666
0.021225804463028908
0.02122637629508972
0.0212260652333498
0.021226508542895317
0.0212257020175457
0.021225623786449432
0.02122644893825054
0.021225858479738235
0.02122586965560913
0.021225692704319954
0.02122584357857704
0.02122613601386547
0.02122582122683525
0.021225759759545326
0.02122608944773674
0.021226096898317337
0.02122589386999607
0.021226363256573677
0.021225634962320328
0.02122637815773487
0.021225683391094208
0.02122603729367256
0.021226171404123306
0.021225707605481148
0.021225741133093834
0.021226556971669197
0.02122601680457592
0.021226171404123306
0.02122655138373375
0.021225694566965103
0.02122652530670166
0.021226176992058754
0.021225715056061745
0.021226046606898308
0.021225806325674057
0.021226413547992706
0.02122611552476883
0.021225623786449432
0.021226326003670692
0.021226193755865097
0.021226555109024048
0.021226026117801666
0.021226294338703156
0.02122644893825054
0.021226106211543083
0.02122562751173973
0.021226396784186363
0.021226132288575172
0.021226031705737114
0.021226447075605392
0.021225595846772194
0.02122570388019085
0.02122657746076584
0.021226322278380394
0.02122572436928749
0.021226530894637108
0.02122657187283039
0.021226581186056137
0.021226175129413605
0.02122560888528824
0.02122657187283039
0.021225837990641594
0.0212260652333498
0.021226560696959496
0.021226348355412483
0.021225888282060623
0.021226124837994576
0.021225787699222565
0.0212263036519289
0.021226046606898308
0.02122635766863823
0.021226098760962486
0.02122601494193077
0.02122572995722294
0.02122654765844345
0.021225687116384506
0.02122560329735279
0.02122587151825428
0.021225860342383385
0.02122584730386734
0.021226389333605766
0.021226277574896812
0.02122626081109047
0.02122562751173973
0.02122652903199196
0.02122635208070278
0.02122594602406025
0.021226251497864723
0.0212258268147707
0.02122618816792965
0.02122650295495987
0.02122603915631771
0.021225785836577415
0.0212260689586401
0.02122654765844345
0.021225783973932266
0.021225806325674057
0.021226152777671814
0.02122560143470764
0.021225614473223686
0.021225595846772194
0.021226536482572556
0.02122621238231659
0.02122606709599495
0.02122599259018898
0.021226447075605392
0.02122618816792965
0.02122591622173786
0.021226560696959496
0.02122615836560726
0.021225830540060997
0.0212259404361248
0.02122596837580204
0.021226152777671814
0.021225882694125175
0.021225648000836372
0.02122610993683338
0.021225644275546074
0.02122584730386734
0.021225742995738983
0.02122587338089943
0.021226419135928154
0.021226486191153526
0.021225666627287865
0.021226242184638977
0.021226108074188232
0.02122591622173786
0.02122638188302517
0.021226419135928154
0.021225910633802414
0.02122638374567032
0.021225878968834877
0.02122623287141323
0.021225763484835625
0.021226007491350174
0.021226374432444572
0.02122563309967518
0.021226169541478157
0.02122621051967144
0.021225711330771446
0.021226393058896065
0.02122626081109047
0.021226506680250168
0.021225765347480774
0.02122563123703003
0.0212258230894804
0.02122577093541622
0.02122635953128338
0.02122621424496174
0.02122613787651062
0.021226102486252785
0.0212260652333498
0.021225830540060997
0.021226240321993828
0.021226316690444946
0.02122630923986435
0.021226106211543083
0.021225690841674805
0.021226171404123306
0.02122628502547741
0.02122598886489868
0.021225808188319206
0.02122654765844345
0.021226033568382263
0.021226074546575546
0.02122560702264309
0.021225860342383385
0.021226204931735992
0.021226011216640472
0.021226543933153152
0.021226251497864723
0.02122584916651249
0.021226365119218826
0.021226560696959496
0.021226024255156517
0.0212265457957983
0.02122637629508972
0.02122567966580391
0.02122621051967144
0.021226555109024048
0.02122572436928749
0.02122594602406025
0.021225901320576668
0.021225659176707268
0.02122560515999794
0.021225616335868835
0.02122567407786846
0.02122575417160988
0.02122589200735092
0.021226076409220695
0.021226121112704277
0.021225888282060623
0.021225975826382637
0.021226124837994576
0.021225640550255775
0.021226197481155396
0.021225586533546448
0.021226322278380394
0.02122645638883114
0.021225817501544952
0.02122575230896473
0.021226046606898308
0.02122649736702442
0.02122584544122219
0.021225668489933014
0.02122630551457405
0.0212260615080595
0.02122574858367443
0.021225903183221817
0.021225834265351295
0.021225839853286743
0.021226534619927406
0.02122630551457405
0.021226273849606514
0.02122601307928562
0.02122608572244644
0.021226543933153152
0.021225910633802414
0.02122623473405838
0.021226122975349426
0.021226556971669197
0.02122657187283039
0.021226128563284874
0.021225642412900925
0.02122584916651249
0.021225618198513985
0.02122633159160614
0.021226191893219948
0.02122657746076584
0.021226108074188232
0.02122562937438488
0.02122611552476883
0.02122560329735279
0.021225931122899055
0.02122591622173786
0.021226542070508003
0.02122594229876995
0.021225813776254654
0.021225884556770325
0.02122587338089943
0.021225901320576668
0.02122604101896286
0.02122572995722294
0.021225977689027786
0.02122587524354458
0.02122572250664234
0.02122645266354084
0.021225709468126297
0.021226027980446815
0.02122579887509346
0.021226324141025543
0.021226001903414726
0.021226095035672188
0.021226247772574425
0.021225998178124428
0.021225744858384132
0.02122596837580204
0.021225595846772194
0.021226147189736366
0.021225623786449432
0.02122610993683338
0.02122620865702629
0.0212259478867054
0.02122644893825054
0.021225901320576668
0.021226050332188606
0.02122611738741398
0.021225767210125923
0.021226035431027412
0.02122602052986622
0.021225646138191223
0.021225878968834877
0.021225987002253532
0.021225839853286743
0.0212260615080595
0.021225865930318832
0.02122575044631958
0.021226296201348305
0.021226154640316963
0.021226298063993454
0.0212258230894804
0.021226420998573303
0.0212257020175457
0.021226532757282257
0.021225957199931145
0.021226225420832634
0.021226370707154274
0.02122626267373562
0.021226150915026665
0.021226121112704277
0.021226583048701286
0.021225877106189728
0.021225865930318832
0.021225690841674805
0.021225780248641968
0.021225912496447563
0.021226409822702408
0.021225638687610626
0.021225860342383385
0.021226216107606888
0.021225832402706146
0.021225983276963234
0.021226409822702408
0.021226422861218452
0.021225741133093834
0.021225642412900925
0.02122577279806137
0.021226154640316963
0.021225860342383385
0.021226149052381516
0.02122640050947666
0.021225912496447563
0.021225837990641594
0.02122574672102928
0.021226337179541588
0.021225906908512115
0.021226005628705025
0.02122562937438488
0.021226463839411736
0.021225765347480774
0.02122626267373562
0.021226245909929276
0.02122652344405651
0.021226534619927406
0.021226340904831886
0.0212257020175457
0.0212261900305748
0.0212265495210886
0.021225975826382637
0.02122611738741398
0.02122560888528824
0.021226445212960243
0.021226508542895317
0.021225614473223686
0.021226420998573303
0.021226320415735245
0.02122591994702816
0.02122572436928749
0.02122645080089569
0.02122657746076584
0.021226011216640472
0.02122567966580391
0.02122626081109047
0.02122586779296398
0.021226244047284126
0.021226052194833755
0.021226316690444946
0.0212259478867054
0.021226244047284126
0.021225936710834503
0.021226387470960617
0.02122567966580391
0.02122579701244831
0.021226506680250168
0.021226536482572556
0.021226389333605766
0.021225854754447937
0.02122645452618599
0.0212265457957983
0.021225979551672935
0.021225733682513237
0.021226584911346436
0.02122587524354458
0.02122565731406212
0.021226484328508377
0.02122616022825241
0.021226361393928528
0.021225644275546074
0.02122589573264122
0.021226203069090843
0.02122616581618786
0.02122599445283413
0.021225597709417343
0.02122575230896473
0.021226271986961365
0.021226147189736366
0.021226104348897934
0.021226264536380768
0.021225707605481148
0.02122565545141697
0.02122579701244831
0.021226467564702034
0.021225793287158012
0.021226201206445694
0.021226128563284874
0.02122637629508972
0.02122575044631958
0.021225599572062492
0.0212258268147707
0.02122652903199196
0.0212261900305748
0.02122647501528263
0.021226026117801666
0.021226512268185616
0.02122647874057293
0.02122589759528637
0.021226396784186363
0.021226031705737114
0.021225862205028534
0.0212265532463789
0.021226584911346436
0.021225636824965477
0.021225914359092712
0.021226411685347557
0.02122618444263935
0.021226463839411736
0.021225931122899055
0.021226106211543083
0.021226046606898308
0.021225810050964355
0.02122570388019085
0.021226242184638977
0.02122577466070652
0.02122601307928562
0.02122596837580204
0.0212263111025095
0.021226469427347183
0.021226322278380394
0.021225906908512115
0.021225890144705772
0.02122591994702816
0.021225906908512115
0.021226024255156517
0.02122596837580204
0.021226271986961365
0.02122632972896099
0.021226149052381516
0.021226417273283005
0.0212259404361248
0.021226195618510246
0.021225817501544952
0.02122601307928562
0.021225890144705772
0.021226320415735245
0.02122623845934868
0.02122652158141136
0.021226434037089348
0.02122577279806137
0.02122621051967144
0.021226540207862854
0.021226005628705025
0.021225586533546448
0.021226318553090096
0.02122565731406212
0.02122610993683338
0.0212264321744442
0.0212264321744442
0.021225733682513237
0.02122652344405651
0.02122637815773487
0.021226076409220695
0.021225808188319206
0.021225592121481895
0.021226048469543457
0.02122614160180092
0.021225662901997566
0.02122647687792778
0.021225648000836372
0.021226216107606888
0.021225811913609505
0.021225953474640846
0.021225623786449432
0.02122645452618599
0.02122649736702442
0.021225618198513985
0.0212264321744442
0.021226175129413605
0.02122616022825241
0.02122596837580204
0.02122599072754383
0.02122596837580204
0.02122640050947666
0.021226322278380394
0.02122637815773487
0.021226579323410988
0.021225877106189728
0.021226460114121437
0.021226370707154274
0.02122572995722294
0.02122648060321808
0.021226081997156143
0.021226169541478157
0.02122565172612667
0.02122572623193264
0.021225620061159134
0.02122601680457592
0.021226420998573303
0.02122591808438301
0.02122582122683525
0.021226530894637108
0.02122625708580017
0.02122572809457779
0.02122638374567032
0.02122627943754196
0.021226152777671814
0.021225659176707268
0.021226195618510246
0.021226463839411736
0.021226195618510246
0.021226469427347183
0.021226342767477036
0.02122613415122032
0.02122616581618786
0.02122601866722107
0.02122618816792965
0.02122645638883114
0.0212264321744442
0.021225690841674805
0.02122655138373375
0.021225832402706146
0.02122657559812069
0.021226173266768456
0.021226296201348305
0.021225769072771072
0.02122575230896473
0.02122604288160801
0.02122652530670166
0.021225709468126297
0.02122601866722107
0.021226514130830765
0.021225646138191223
0.021226121112704277
0.02122577652335167
0.02122657001018524
0.021226346492767334
0.02122568152844906
0.02122579701244831
0.021225957199931145
0.021225806325674057
0.021226517856121063
0.021225806325674057
0.021225586533546448
0.021226543933153152
0.021226555109024048
0.021225757896900177
0.021226467564702034
0.0212263073772192
0.021225612610578537
0.021226447075605392
0.021226536482572556
0.02122616209089756
0.021226167678833008
0.021226562559604645
0.02122647315263748
0.02122611179947853
0.02122568152844906
0.021225599572062492
0.021226419135928154
0.021226420998573303
0.021226389333605766
0.02122635766863823
0.021226562559604645
0.021225791424512863
0.02122584544122219
0.02122577279806137
0.021225834265351295
0.021226350218057632
0.021226249635219574
0.02122638002038002
0.021225707605481148
0.021226517856121063
0.021225659176707268
0.02122640796005726
0.021226322278380394
0.021226072683930397
0.021225862205028534
0.021226583048701286
0.02122606709599495
0.021226054057478905
0.02122635394334793
0.02122611738741398
0.021226201206445694
0.021226000040769577
0.0212263036519289
0.021226566284894943
0.02122645452618599
0.021226130425930023
0.021226169541478157
0.021226562559604645
0.021226568147540092
0.021225668489933014
0.021225882694125175
0.02122620679438114
0.021226229146122932
0.021225841715931892
0.021226422861218452
0.021226072683930397
0.021225962787866592
0.021225977689027786
0.021225951611995697
0.021225936710834503
0.021225890144705772
0.02122599445283413
0.02122580260038376
0.021226011216640472
0.02122560515999794
0.021226465702056885
0.021225780248641968
0.02122608572244644
0.021226348355412483
0.021225620061159134
0.02122599631547928
0.021226046606898308
0.02122562751173973
0.021225593984127045
0.021225839853286743
0.021226514130830765
0.021225636824965477
0.021225787699222565
0.02122575044631958
0.021225791424512863
0.021225987002253532
0.021225621923804283
0.0212263073772192
0.021226072683930397
0.021225741133093834
0.02122630551457405
0.02122577093541622
0.021226413547992706
0.021226197481155396
0.021225880831480026
0.021225783973932266
0.021226465702056885
0.021225661039352417
0.02122572995722294
0.021225877106189728
0.021226491779088974
0.021225599572062492
0.02122613415122032
0.0212258230894804
0.021226029843091965
0.021226417273283005
0.021226152777671814
0.02122623100876808
0.02122575417160988
0.02122616022825241
0.02122616395354271
0.02122652158141136
0.02122574858367443
0.0212264321744442
0.021226081997156143
0.021225709468126297
0.02122655138373375
0.021225610747933388
0.021226489916443825
0.021226011216640472
0.02122625894844532
0.021226035431027412
0.02122621051967144
0.021226515993475914
0.021225977689027786
0.021226542070508003
0.021225865930318832
0.021226396784186363
0.0212256982922554
0.021225692704319954
0.021226074546575546
0.021226122975349426
0.021225979551672935
0.021225955337285995
0.021226149052381516
0.021226173266768456
0.02122613415122032
0.021226519718766212
0.02122632972896099
0.0212259404361248
0.02122637629508972
0.0212261863052845
0.021226342767477036
0.021225711330771446
0.021225949749350548
0.021226074546575546
0.021226301789283752
0.021225901320576668
0.0212261825799942
0.021226337179541588
0.021225640550255775
0.021226583048701286
0.02122642658650875
0.021226365119218826
0.02122638374567032
0.021226340904831886
0.02122572436928749
0.021225979551672935
0.02122647501528263
0.021225979551672935
0.02122645452618599
0.021226560696959496
0.021226033568382263
0.02122635208070278
0.021225957199931145
0.02122628502547741
0.021225616335868835
0.021225739270448685
0.021225595846772194
0.021226434037089348
0.02122643031179905
0.021225854754447937
0.021226420998573303
0.02122625522315502
0.021226132288575172
0.02122560143470764
0.02122565731406212
0.021226415410637856
0.0212261900305748
0.0212259441614151
0.021225646138191223
0.021226180717349052
0.02122621051967144
0.021226368844509125
0.0212260689586401
0.02122657373547554
0.021225735545158386
0.02122625708580017
0.021226219832897186
0.021226080134510994
0.02122644893825054
0.02122568152844906
0.02122648060321808
0.021225761622190475
0.02122574672102928
0.021225618198513985
0.02122606709599495
0.021226508542895317
0.021226059645414352
0.021225716918706894
0.021225783973932266
0.021226471289992332
0.021225884556770325
0.02122603729367256
0.02122647315263748
0.02122642658650875
0.02122589759528637
0.021226147189736366
0.02122584357857704
0.0212260689586401
0.021226299926638603
0.021225739270448685
0.021226439625024796
0.02122560143470764
0.0212259441614151
0.021225852891802788
0.02122592180967331
0.021226558834314346
0.02122572436928749
0.02122598886489868
0.0212265495210886
0.02122565172612667
0.021226145327091217
0.021226584911346436
0.021226542070508003
0.021226465702056885
0.021226441487669945
0.021225763484835625
0.02122616395354271
0.02122562564909458
0.02122560329735279
0.021225595846772194
0.021226007491350174
0.021225731819868088
0.02122616022825241
0.021225638687610626
0.02122572623193264
0.02122589200735092
0.02122589386999607
0.0212263073772192
0.021226581186056137
0.021225808188319206
0.021225985139608383
0.02122632786631584
0.021225638687610626
0.02122570015490055
0.021225817501544952
0.021225731819868088
0.021225787699222565
0.0212264321744442
0.0212261825799942
0.021226121112704277
0.021225756034255028
0.02122565358877182
0.0212259478867054
0.02122585102915764
0.021226275712251663
0.021225884556770325
0.021225808188319206
0.021226394921541214
0.021226365119218826
0.021225672215223312
0.02122645266354084
0.021226435899734497
0.021226033568382263
0.02122620679438114
0.0212263073772192
0.021226469427347183
0.02122584916651249
0.02122596465051174
0.02122575417160988
0.021226536482572556
0.02122589200735092
0.021226467564702034
0.02122599072754383
0.02122648060321808
0.02122635580599308
0.021226461976766586
0.021226268261671066
0.02122616395354271
0.021226225420832634
0.021225813776254654
0.02122657001018524
0.021226197481155396
0.021226007491350174
0.021226482465863228
0.021226411685347557
0.021225694566965103
0.02122577466070652
0.021226074546575546
0.02122654765844345
0.0212259404361248
0.02122655138373375
0.021225934848189354
0.02122626267373562
0.02122596837580204
0.021225735545158386
0.02122621051967144
0.021226229146122932
0.02122623473405838
0.021226145327091217
0.02122584357857704
0.0212264247238636
0.02122608758509159
0.021225595846772194
0.02122562564909458
0.02122603915631771
0.021226510405540466
0.021225927397608757
0.0212265495210886
0.021225731819868088
0.02122630551457405
0.021225977689027786
0.021225739270448685
0.021226150915026665
0.021225670352578163
0.02122604288160801
0.02122654765844345
0.021225975826382637
0.02122635953128338
0.02122652158141136
0.021226268261671066
0.021226180717349052
0.021225912496447563
0.02122626267373562
0.02122627943754196
0.021225836127996445
0.021225955337285995
0.02122644893825054
0.021225716918706894
0.021225640550255775
0.02122623287141323
0.021225763484835625
0.0212260615080595
0.021226003766059875
0.021225908771157265
0.021225688979029655
0.021226156502962112
0.021225927397608757
0.021226488053798676
0.021225836127996445
0.021226145327091217
0.02122621238231659
0.021226108074188232
0.02122649736702442
0.021226350218057632
0.021226124837994576
0.02122572623193264
0.0212263036519289
0.021226095035672188
0.0212263073772192
0.021225998178124428
0.02122562564909458
0.02122640423476696
0.02122582495212555
0.021225862205028534
0.02122611366212368
0.021226344630122185
0.02122635580599308
0.02122594229876995
0.0212263111025095
0.021225646138191223
0.0212263111025095
0.021225905045866966
0.021226584911346436
0.021225864067673683
0.021225856617093086
0.021226340904831886
0.021225780248641968
0.021225981414318085
0.021225646138191223
0.02122567407786846
0.021226411685347557
0.021225618198513985
0.02122606337070465
0.021225811913609505
0.021225683391094208
0.021225987002253532
0.0212265457957983
0.021226508542895317
0.021225634962320328
0.021225636824965477
0.021226393058896065
0.021226251497864723
0.021225636824965477
0.02122637815773487
0.021226363256573677
0.0212264284491539
0.021226517856121063
0.02122606709599495
0.02122616209089756
0.021225586533546448
0.02122565731406212
0.021226180717349052
0.021226245909929276
0.02122580073773861
0.021225953474640846
0.021226022392511368
0.0212261900305748
0.02122621238231659
0.021225832402706146
0.021225905045866966
0.021225959062576294
0.021226342767477036
0.021226583048701286
0.02122626081109047
0.021226288750767708
0.021226201206445694
0.021226508542895317
0.021225979551672935
0.02122638374567032
0.021225880831480026
0.02122645638883114
0.021225856617093086
0.02122570015490055
0.02122623100876808
0.02122614160180092
0.02122640609741211
0.02122649736702442
0.02122645080089569
0.021225860342383385
0.021225683391094208
0.02122577652335167
0.02122616395354271
0.021225636824965477
0.021225588396191597
0.021225618198513985
0.021226081997156143
0.021225757896900177
0.02122604474425316
0.02122621051967144
0.021225806325674057
0.021226508542895317
0.02122633345425129
0.021225618198513985
0.021226318553090096
0.02122627943754196
0.02122628502547741
0.021225862205028534
0.02122560702264309
0.02122649922966957
0.021226420998573303
0.02122628688812256
0.021226348355412483
0.02122608572244644
0.021226175129413605
0.021226391196250916
0.021226132288575172
0.02122582495212555
0.021225785836577415
0.02122616581618786
0.021226124837994576
0.021226009353995323
0.021226489916443825
0.02122594602406025
0.0212264321744442
0.021226057782769203
0.021226009353995323
0.02122596465051174
0.021226312965154648
0.021226244047284126
0.021225808188319206
0.0212259441614151
0.021226245909929276
0.021226149052381516
0.02122630551457405
0.02122585102915764
0.021226530894637108
0.0212256982922554
0.021225998178124428
0.021225685253739357
0.0212260652333498
0.02122584357857704
0.021226007491350174
0.021225901320576668
0.02122657187283039
0.02122649736702442
0.02122596837580204
0.02122613787651062
0.021225860342383385
0.021226154640316963
0.021226007491350174
0.021226495504379272
0.021226244047284126
0.02122633531689644
0.02122572250664234
0.021226026117801666
0.02122606337070465
0.021225588396191597
0.021226033568382263
0.021226324141025543
0.021226009353995323
0.02122574672102928
0.02122560888528824
0.021226035431027412
0.021225949749350548
0.021225634962320328
0.021225744858384132
0.021226050332188606
0.021226344630122185
0.02122604288160801
0.021225741133093834
0.021226346492767334
0.02122637629508972
0.021225664764642715
0.02122575417160988
0.02122579887509346
0.021225936710834503
0.021226394921541214
0.021226562559604645
0.021226001903414726
0.021226288750767708
0.02122640796005726
0.021226081997156143
0.021226320415735245
0.021225623786449432
0.021226542070508003
0.02122657373547554
0.021226437762379646
0.021226517856121063
0.02122620865702629
0.02122567966580391
0.0212259441614151
0.021225905045866966
0.021226122975349426
0.021225828677415848
0.021226199343800545
0.02122621424496174
0.021225618198513985
0.02122591622173786
0.02122604288160801
0.021226538345217705
0.02122562751173973
0.021226447075605392
0.0212265495210886
0.0212259478867054
0.021226514130830765
0.021225620061159134
0.021226055920124054
0.021225634962320328
0.0212260615080595
0.02122560702264309
0.02122618444263935
0.02122585102915764
0.021225787699222565
0.021225979551672935
0.021226555109024048
0.021226491779088974
0.02122625522315502
0.02122640609741211
0.02122603729367256
0.021225664764642715
0.021225852891802788
0.021225642412900925
0.021226072683930397
0.021226562559604645
0.021225690841674805
0.021225757896900177
0.021225666627287865
0.021226175129413605
0.021226027980446815
0.021226484328508377
0.021226050332188606
0.02122637815773487
0.021225739270448685
0.021226007491350174
0.02122579887509346
0.021225951611995697
0.021225672215223312
0.021226035431027412
0.02122560329735279
0.02122650295495987
0.021226532757282257
0.02122657559812069
0.021225830540060997
0.021226396784186363
0.021225599572062492
0.021225811913609505
0.021226463839411736
0.02122632972896099
0.021226385608315468
0.021225595846772194
0.021226517856121063
0.021225713193416595
0.02122614160180092
0.021226413547992706
0.021226534619927406
0.021226519718766212
0.02122562937438488
0.021226050332188606
0.021226564422249794
0.021226154640316963
0.021225785836577415
0.02122628130018711
0.021225979551672935
0.021226583048701286
0.02122638188302517
0.021225884556770325
0.021225884556770325
0.021225806325674057
0.021226560696959496
0.021226009353995323
0.021226514130830765
0.021226458251476288
0.02122599072754383
0.021225668489933014
0.02122613415122032
0.021226568147540092
0.02122567780315876
0.021225910633802414
0.021225793287158012
0.021225690841674805
0.021225588396191597
0.021226445212960243
0.021225934848189354
0.02122609317302704
0.02122601307928562
0.02122633345425129
0.021225864067673683
0.021226227283477783
0.021225981414318085
0.021225813776254654
0.02122635580599308
0.021225811913609505
0.02122601680457592
0.021225985139608383
0.021225817501544952
0.0212255846709013
0.021226363256573677
0.02122638002038002
0.021226467564702034
0.021225983276963234
0.021226562559604645
0.02122601680457592
0.021225620061159134
0.02122562937438488
0.021226154640316963
0.021226484328508377
0.021225791424512863
0.021226121112704277
0.02122577466070652
0.02122599259018898
0.021226316690444946
0.02122640423476696
0.021225927397608757
0.02122640796005726
0.02122584357857704
0.021226005628705025
0.0212259441614151
0.021225597709417343
0.02122584730386734
0.021226299926638603
0.021225864067673683
0.021226320415735245
0.02122560888528824
0.021226486191153526
0.021226026117801666
0.02122562751173973
0.02122645638883114
0.021226415410637856
0.02122640237212181
0.021226024255156517
0.021225878968834877
0.02122632972896099
0.021225640550255775
0.021226370707154274
0.02122633345425129
0.02122649736702442
0.0212264284491539
0.021225914359092712
0.02122594602406025
0.021225841715931892
0.021226223558187485
0.021226076409220695
0.021226005628705025
0.021226217970252037
0.021226389333605766
0.021226443350315094
0.021226292476058006
0.02122621424496174
0.02122621424496174
0.021226515993475914
0.021225865930318832
0.02122635394334793
0.0212265457957983
0.021226147189736366
0.021226320415735245
0.021226555109024048
0.021226059645414352
0.021225731819868088
0.021226579323410988
0.02122586965560913
0.021226534619927406
0.0212255846709013
0.021226145327091217
0.021226145327091217
0.021226268261671066
0.02122640423476696
0.02122582122683525
0.02122560888528824
0.02122633159160614
0.021226540207862854
0.02122623473405838
0.021226296201348305
0.021226337179541588
0.02122638374567032
0.02122584544122219
0.02122614160180092
0.021226270124316216
0.021225593984127045
0.02122640796005726
0.021226150915026665
0.021225670352578163
0.021226482465863228
0.021226542070508003
0.021226167678833008
0.021226193755865097
0.02122638188302517
0.021225951611995697
0.02122580260038376
0.02122608944773674
0.021225828677415848
0.021225616335868835
0.021226130425930023
0.02122613787651062
0.021226435899734497
0.021226510405540466
0.02122565545141697
0.02122613973915577
0.02122657559812069
0.02122611738741398
0.02122568152844906
0.02122645452618599
0.021226411685347557
0.021225735545158386
0.02122565358877182
0.02122597023844719
0.021225927397608757
0.021225877106189728
0.021226461976766586
0.021225670352578163
0.021225927397608757
0.02122584544122219
0.02122657559812069
0.021226176992058754
0.0212263073772192
0.02122597023844719
0.021226156502962112
0.02122638188302517
0.021225884556770325
0.021226253360509872
0.021226488053798676
0.02122574672102928
0.02122614160180092
0.02122623287141323
0.021226005628705025
0.021226027980446815
0.021225683391094208
0.02122591622173786
0.021225642412900925
0.021226229146122932
0.021225646138191223
0.021226296201348305
0.02122565358877182
0.021225983276963234
0.021226471289992332
0.021225837990641594
0.02122599631547928
0.02122575417160988
0.021226294338703156
0.021225927397608757
0.021226532757282257
0.021225815638899803
0.02122647687792778
0.021226126700639725
0.0212258193641901
0.02122616022825241
0.021226417273283005
0.021226154640316963
0.021225987002253532
0.021225839853286743
0.02122626267373562
0.021225668489933014
0.021226519718766212
0.021226437762379646
0.0212265457957983
0.02122630551457405
0.02122601680457592
0.02122567966580391
0.02122579514980316
0.021225856617093086
0.02122577093541622
0.02122602052986622
0.021226370707154274
0.021226409822702408
0.021226409822702408
0.021226122975349426
0.02122563123703003
0.021225782111287117
0.021226078271865845
0.02122609317302704
0.021226422861218452
0.021226003766059875
0.02122604101896286
0.02122623845934868
0.021226240321993828
0.021226447075605392
0.021226191893219948
0.02122610993683338
0.021225612610578537
0.021226342767477036
0.0212258230894804
0.02122596465051174
0.021225886419415474
0.021225672215223312
0.02122626081109047
0.02122652158141136
0.021226277574896812
0.02122604288160801
0.021226298063993454
0.02122615836560726
0.021225852891802788
0.02122628316283226
0.021226344630122185
0.021225906908512115
0.021226583048701286
0.021225813776254654
0.02122572250664234
0.02122565731406212
0.02122620865702629
0.021226005628705025
0.02122652344405651
0.02122652903199196
0.02122618816792965
0.021225949749350548
0.021225696429610252
0.02122584730386734
0.021226122975349426
0.02122603915631771
0.021226191893219948
0.021225634962320328
0.021226100623607635
0.021226491779088974
0.021225903183221817
0.021225932985544205
0.02122603729367256
0.02122601680457592
0.021226508542895317
0.021225901320576668
0.021226365119218826
0.021225979551672935
0.021226081997156143
0.021226393058896065
0.021226348355412483
0.02122620679438114
0.02122587524354458
0.021226463839411736
0.021225880831480026
0.021226393058896065
0.021225685253739357
0.02122623845934868
0.02122649736702442
0.021225644275546074
0.02122606337070465
0.021225886419415474
0.02122611366212368
0.021225960925221443
0.02122565358877182
0.021226124837994576
0.02122635766863823
0.021226253360509872
0.021226096898317337
0.02122638374567032
0.021225817501544952
0.021226095035672188
0.021226385608315468
0.02122652530670166
0.021225791424512863
0.021225841715931892
0.021225808188319206
0.02122650295495987
0.02122647687792778
0.021226320415735245
0.021225856617093086
0.021226167678833008
0.021226363256573677
0.021225888282060623
0.02122640796005726
0.02122628502547741
0.021226530894637108
0.02122640609741211
0.02122655138373375
0.021225983276963234
0.02122601680457592
0.02122565545141697
0.021226419135928154
0.021226266399025917
0.021226562559604645
0.021226132288575172
0.02122611552476883
0.021226102486252785
0.02122613601386547
0.021226581186056137
0.02122635766863823
0.02122577652335167
0.021225858479738235
0.021225912496447563
0.021226340904831886
0.02122596465051174
0.02122625894844532
0.021226467564702034
0.021225735545158386
0.02122615836560726
0.021226363256573677
0.021226204931735992
0.02122630551457405
0.02122637629508972
0.0212261825799942
0.021225841715931892
0.0212259478867054
0.02122594229876995
0.021225715056061745
0.02122638188302517
0.021226007491350174
0.02122579887509346
0.02122637629508972
0.02122563123703003
0.02122599631547928
0.0212263036519289
0.0212261863052845
0.021226217970252037
0.021226098760962486
0.02122647501528263
0.02122597210109234
0.02122572250664234
0.02122584916651249
0.02122572995722294
0.021226471289992332
0.02122577652335167
0.02122574672102928
0.021225832402706146
0.021225914359092712
0.02122560515999794
0.021226266399025917
0.021226394921541214
0.021226223558187485
0.02122640237212181
0.021226240321993828
0.021225836127996445
0.02122627943754196
0.021225808188319206
0.0212258230894804
0.0212265532463789
0.021225782111287117
0.02122613787651062
0.02122623473405838
0.021226175129413605
0.021225685253739357
0.021226221695542336
0.02122597210109234
0.021226458251476288
0.02122647687792778
0.021226340904831886
0.021225685253739357
0.02122577279806137
0.02122589573264122
0.021226312965154648
0.02122623100876808
0.021226564422249794
0.021225878968834877
0.02122635580599308
0.02122560702264309
0.0212260615080595
0.021226122975349426
0.021225834265351295
0.02122572809457779
0.0212259441614151
0.021225828677415848
0.021225711330771446
0.02122589200735092
0.021226290613412857
0.021226180717349052
0.021226512268185616
0.0212265457957983
0.021226348355412483
0.02122652530670166
0.021226542070508003
0.02122567594051361
0.02122638188302517
0.02122570388019085
0.021226420998573303
0.021226275712251663
0.021226318553090096
0.02122652530670166
0.02122621051967144
0.021225793287158012
0.0212263073772192
0.02122633345425129
0.021226463839411736
0.02122570388019085
0.021226363256573677
0.02122621051967144
0.02122618816792965
0.02122606337070465
0.02122577838599682
0.02122635580599308
0.02122601494193077
0.02122589759528637
0.021225757896900177
0.02122640050947666
0.021225973963737488
0.0212263036519289
0.02122585102915764
0.02122570015490055
0.0212264321744442
0.02122560515999794
0.021225975826382637
0.021225890144705772
0.021226059645414352
0.021225914359092712
0.02122608944773674
0.02122585102915764
0.02122645080089569
0.021226443350315094
0.021225592121481895
0.0212264284491539
0.02122647501528263
0.021226027980446815
0.021225588396191597
0.021225616335868835
0.02122640237212181
0.021226277574896812
0.0212256982922554
0.021226264536380768
0.021225662901997566
0.021226385608315468
0.021226046606898308
0.021226096898317337
0.021225621923804283
0.021226484328508377
0.02122637629508972
0.02122635580599308
0.021226441487669945
0.021226495504379272
0.021226461976766586
0.021225769072771072
0.02122618816792965
0.021226143464446068
0.021225661039352417
0.021225648000836372
0.021225808188319206
0.02122615836560726
0.021226320415735245
0.02122657001018524
0.021225890144705772
0.02122585102915764
0.021226098760962486
0.021225841715931892
0.02122567407786846
0.021225709468126297
0.021226558834314346
0.021226121112704277
0.021225638687610626
0.021226326003670692
0.02122596837580204
0.02122577652335167
0.021226584911346436
0.02122587524354458
0.021226070821285248
0.02122625522315502
0.021226203069090843
0.021226396784186363
0.021226461976766586
0.02122621424496174
0.02122591994702816
0.0212263036519289
0.021225908771157265
0.021225612610578537
0.021226326003670692
0.021226361393928528
0.021226080134510994
0.02122589759528637
0.021225636824965477
0.02122586779296398
0.021226147189736366
0.02122572995722294
0.02122628502547741
0.02122620865702629
0.021226076409220695
0.02122589573264122
0.0212259441614151
0.02122613601386547
0.021226080134510994
0.021225882694125175
0.021226096898317337
0.021226171404123306
0.02122618816792965
0.021226106211543083
0.02122621051967144
0.02122589200735092
0.02122616395354271
0.021226491779088974
0.021226108074188232
0.021225735545158386
0.021226223558187485
0.02122565172612667
0.021226519718766212
0.02122601866722107
0.021225791424512863
0.021226365119218826
0.021225623786449432
0.021226460114121437
0.021226145327091217
0.021225862205028534
0.021225642412900925
0.021226150915026665
0.021225856617093086
0.021226193755865097
0.02122632786631584
0.021226074546575546
0.021225780248641968
0.021226515993475914
0.02122626081109047
0.021226247772574425
0.02122643031179905
0.02122649736702442
0.0212260615080595
0.02122608758509159
0.021225949749350548
0.021226104348897934
0.02122633345425129
0.02122565731406212
0.021225785836577415
0.021225640550255775
0.021225862205028534
0.021226540207862854
0.021226191893219948
0.02122621051967144
0.021226130425930023
0.0212264284491539
0.02122585102915764
0.021226389333605766
0.021226447075605392
0.02122597210109234
0.021225599572062492
0.021226247772574425
0.0212257020175457
0.0212259441614151
0.0212258268147707
0.021226003766059875
0.021226229146122932
0.0212260615080595
0.021225912496447563
0.02122633159160614
0.02122632786631584
0.021225810050964355
0.02122640237212181
0.021225621923804283
0.021225620061159134
0.021226055920124054
0.021226122975349426
0.021226074546575546
0.021226167678833008
0.021225860342383385
0.02122647874057293
0.021226484328508377
0.02122649922966957
0.021226204931735992
0.021226471289992332
0.021225783973932266
0.021226152777671814
0.021226419135928154
0.0212256982922554
0.021225931122899055
0.021225936710834503
0.021225811913609505
0.02122574858367443
0.021226000040769577
0.021226543933153152
0.021225592121481895
0.0212257020175457
0.02122649922966957
0.021225763484835625
0.021226445212960243
0.021226169541478157
0.02122614160180092
0.02122630551457405
0.02122574672102928
0.021226566284894943
0.021225636824965477
0.021225903183221817
0.021225808188319206
0.021225832402706146
0.02122584357857704
0.021226244047284126
0.021226108074188232
0.02122630551457405
0.02122572995722294
0.021225949749350548
0.021226059645414352
0.021226104348897934
0.02122601866722107
0.021225668489933014
0.021225783973932266
0.021226320415735245
0.021226132288575172
0.021226337179541588
0.02122616395354271
0.021226413547992706
0.021226339042186737
0.021226204931735992
0.02122584730386734
0.021226229146122932
0.02122599072754383
0.021225890144705772
0.021225590258836746
0.021225593984127045
0.02122589386999607
0.0212265457957983
0.021225837990641594
0.021226510405540466
0.021226344630122185
0.021226445212960243
0.021226052194833755
0.021226156502962112
0.021226560696959496
0.021226035431027412
0.021226342767477036
0.021225644275546074
0.021226517856121063
0.021226124837994576
0.021226081997156143
0.021226350218057632
0.021226508542895317
0.021225830540060997
0.021225910633802414
0.021225666627287865
0.021226484328508377
0.021226245909929276
0.021225949749350548
0.021226130425930023
0.021225905045866966
0.02122645452618599
0.02122630551457405
0.0212261825799942
0.021226007491350174
0.021225949749350548
0.021225705742836
0.02122620865702629
0.021225588396191597
0.02122594602406025
0.021225715056061745
0.021226530894637108
0.0212260689586401
0.02122580073773861
0.021225705742836
0.021226126700639725
0.021226078271865845
0.02122635953128338
0.02122621051967144
0.021226393058896065
0.021226398646831512
0.02122560515999794
0.021225884556770325
0.02122601680457592
0.02122585102915764
0.021226201206445694
0.021225905045866966
0.021226104348897934
0.021226167678833008
0.021226292476058006
0.021225692704319954
0.021225620061159134
0.02122579514980316
0.02122560143470764
0.021225599572062492
0.02122630551457405
0.021226320415735245
0.021226000040769577
0.021226471289992332
0.02122655138373375
0.02122599072754383
0.021225620061159134
0.02122655138373375
0.021226223558187485
0.021226216107606888
0.02122642658650875
0.02122604288160801
0.021225981414318085
0.021225592121481895
0.021225862205028534
0.021226409822702408
0.02122618816792965
0.02122657187283039
0.02122610993683338
0.02122585102915764
0.021226240321993828
0.021226000040769577
0.02122633531689644
0.02122635394334793
0.021225692704319954
0.0212258268147707
0.021226195618510246
0.0212261863052845
0.021226059645414352
0.021225934848189354
0.021226396784186363
0.021226143464446068
0.021226530894637108
0.02122645080089569
0.021225830540060997
0.02122657001018524
0.021226340904831886
0.02122603915631771
0.02122567966580391
0.021225618198513985
0.02122572995722294
0.021225759759545326
0.021226556971669197
0.021226566284894943
0.02122567780315876
0.021226169541478157
0.02122649736702442
0.021225616335868835
0.021226026117801666
0.0212261825799942
0.02122618444263935
0.021226249635219574
0.02122565731406212
0.021225960925221443
0.02122589386999607
0.021226080134510994
0.021225837990641594
0.021226326003670692
0.021225882694125175
0.02122620679438114
0.021226106211543083
0.02122586965560913
0.021226124837994576
0.021226417273283005
0.021226299926638603
0.021226007491350174
0.021226072683930397
0.02122575044631958
0.02122580073773861
0.021226445212960243
0.021226324141025543
0.021226445212960243
0.021225610747933388
0.021225806325674057
0.02122582495212555
0.021226437762379646
0.02122628130018711
0.021225951611995697
0.021226389333605766
0.021226346492767334
0.0212264247238636
0.021226268261671066
0.021225890144705772
0.021225959062576294
0.021226005628705025
0.021225683391094208
0.021226219832897186
0.0212260689586401
0.021225756034255028
0.02122594229876995
0.02122621424496174
0.021226434037089348
0.021226003766059875
0.021226003766059875
0.02122623845934868
0.021225759759545326
0.021226052194833755
0.021226579323410988
0.021226130425930023
0.021226083859801292
0.02122587151825428
0.02122608758509159
0.02122625708580017
0.021226389333605766
0.02122606337070465
0.02122592367231846
0.02122626267373562
0.02122584730386734
0.02122611366212368
0.021226385608315468
0.021225962787866592
0.021225688979029655
0.021225737407803535
0.02122657746076584
0.021225715056061745
0.021226346492767334
0.021225938573479652
0.021226057782769203
0.021225856617093086
0.021226268261671066
0.021226530894637108
0.0212264247238636
0.02122565731406212
0.02122597023844719
0.021225765347480774
0.021225882694125175
0.021226005628705025
0.021225759759545326
0.021226339042186737
0.02122565731406212
0.021226046606898308
0.02122603915631771
0.02122630551457405
0.0212259404361248
0.021225780248641968
0.021226318553090096
0.021226290613412857
0.0212259441614151
0.02122587338089943
0.0212261863052845
0.021226001903414726
0.021225810050964355
0.02122603915631771
0.02122572250664234
0.021226584911346436
0.0212264284491539
0.02122579887509346
0.02122625522315502
0.021226322278380394
0.021225692704319954
0.02122627943754196
0.02122623659670353
0.02122592367231846
0.021226119250059128
0.021226124837994576
0.02122592367231846
0.021225731819868088
0.021226217970252037
0.021225791424512863
0.02122608758509159
0.021226543933153152
0.021225828677415848
0.021226488053798676
0.021225759759545326
0.02122562937438488
0.0212260652333498
0.021225830540060997
0.02122604474425316
0.021226029843091965
0.021226104348897934
0.02122572809457779
0.02122596651315689
0.021226055920124054
0.021225860342383385
0.02122589945793152
0.021226242184638977
0.021225929260253906
0.021226132288575172
0.021226514130830765
0.02122650295495987
0.021226005628705025
0.021226506680250168
0.0212260689586401
0.02122648060321808
0.021226268261671066
0.021225834265351295
0.021226035431027412
0.021225711330771446
0.021225720643997192
0.02122584357857704
0.02122623473405838
0.021226204931735992
0.021225735545158386
0.021226467564702034
0.02122577466070652
0.021226001903414726
0.0212260652333498
0.02122614160180092
0.021225955337285995
0.021226253360509872
0.02122645452618599
0.021225927397608757
0.021225901320576668
0.021225910633802414
0.02122567966580391
0.02122628316283226
0.02122603915631771
0.021225765347480774
0.021226104348897934
0.02122611366212368
0.021226363256573677
0.02122604474425316
0.0212256982922554
0.02122608758509159
0.021225955337285995
0.02122596465051174
0.02122635394334793
0.0212261825799942
0.021225623786449432
0.021226106211543083
0.021226584911346436
0.021225955337285995
0.021225735545158386
0.021226294338703156
0.021226318553090096
0.021226096898317337
0.021226447075605392
0.021225811913609505
0.021226560696959496
0.02122563123703003
0.021226007491350174
0.02122652158141136
0.02122604101896286
0.02122586779296398
0.021226095035672188
0.02122645452618599
0.02122611552476883
0.02122604288160801
0.02122596465051174
0.02122628502547741
0.02122577466070652
0.02122574672102928
0.021226542070508003
0.02122610993683338
0.021225864067673683
0.021226251497864723
0.02122601866722107
0.021226409822702408
0.02122597023844719
0.0212260652333498
0.0212259404361248
0.02122570015490055
0.021225938573479652
0.021226022392511368
0.021226145327091217
0.021225864067673683
0.021226316690444946
0.021226346492767334
0.021225927397608757
0.021226249635219574
0.021226201206445694
0.02122630551457405
0.021226180717349052
0.021225767210125923
0.021225962787866592
0.02122613787651062
0.0212257020175457
0.02122589573264122
0.021226460114121437
0.02122599631547928
0.021225662901997566
0.021225782111287117
0.021226542070508003
0.0212258268147707
0.021225636824965477
0.021226350218057632
0.02122563309967518
0.021225623786449432
0.02122623100876808
0.02122652530670166
0.021225957199931145
0.021226491779088974
0.02122652716934681
0.02122626081109047
0.02122654765844345
0.021225742995738983
0.021226374432444572
0.021226150915026665
0.021225670352578163
0.02122628130018711
0.02122589386999607
0.02122640609741211
0.021226566284894943
0.02122577652335167
0.021225830540060997
0.021225590258836746
0.02122657373547554
0.021225785836577415
0.021226132288575172
0.021226316690444946
0.02122601866722107
0.021226560696959496
0.02122565172612667
0.021226223558187485
0.021226072683930397
0.021226320415735245
0.02122584357857704
0.021225761622190475
0.021226398646831512
0.021225985139608383
0.02122635208070278
0.02122562564909458
0.021226484328508377
0.0212259478867054
0.02122591994702816
0.021225890144705772
0.021226422861218452
0.021226203069090843
0.021226216107606888
0.021226363256573677
0.021225716918706894
0.02122616022825241
0.02122589386999607
0.02122635394334793
0.021226322278380394
0.02122604288160801
0.02122577093541622
0.021225646138191223
0.021226253360509872
0.021226506680250168
0.021226530894637108
0.02122650109231472
0.021225687116384506
0.021225688979029655
0.021226374432444572
0.02122591808438301
0.021226171404123306
0.021225837990641594
0.021225882694125175
0.021226126700639725
0.02122620679438114
0.02122570015490055
0.021226104348897934
0.021226080134510994
0.0212261825799942
0.021226366981863976
0.021226560696959496
0.021226217970252037
0.021226495504379272
0.02122623473405838
0.021226394921541214
0.0212264247238636
0.02122645266354084
0.02122643031179905
0.02122572250664234
0.021226292476058006
0.02122567407786846
0.021225648000836372
0.021225744858384132
0.021226320415735245
0.02122635766863823
0.021225661039352417
0.021226244047284126
0.021226201206445694
0.021226312965154648
0.021226363256573677
0.021226229146122932
0.02122635208070278
0.021225588396191597
0.02122623845934868
0.021225811913609505
0.021226312965154648
0.02122584730386734
0.02122620865702629
0.021226320415735245
0.02122572436928749
0.0212264284491539
0.021226221695542336
0.02122565731406212
0.02122616022825241
0.021226055920124054
0.02122637815773487
0.021226121112704277
0.021226221695542336
0.021226434037089348
0.021226026117801666
0.021226108074188232
0.02122584544122219
0.021226568147540092
0.0212257020175457
0.021226145327091217
0.021226447075605392
0.021226145327091217
0.02122592180967331
0.02122649922966957
0.02122633159160614
0.021225705742836
0.02122602052986622
0.02122591994702816
0.021225782111287117
0.021225908771157265
0.02122611366212368
0.021226437762379646
0.02122601494193077
0.021226320415735245
0.021226242184638977
0.0212257020175457
0.021225785836577415
0.021225672215223312
0.021225782111287117
0.02122564986348152
0.021226447075605392
0.021226195618510246
0.02122657746076584
0.021226540207862854
0.02122577838599682
0.021226469427347183
0.021226441487669945
0.021225938573479652
0.021226460114121437
0.02122644893825054
0.02122652158141136
0.021226299926638603
0.021226217970252037
0.021226080134510994
0.021225763484835625
0.021225813776254654
0.021226434037089348
0.021226167678833008
0.0212260652333498
0.021225953474640846
0.021225718781352043
0.02122645080089569
0.021225836127996445
0.02122623845934868
0.021226558834314346
0.021226204931735992
0.021226100623607635
0.02122589945793152
0.021225638687610626
0.02122632972896099
0.02122652158141136
0.02122645452618599
0.02122589759528637
0.02122613601386547
0.0212264284491539
0.021226072683930397
0.02122598886489868
0.02122565358877182
0.02122567780315876
0.021225742995738983
0.021226128563284874
0.021225659176707268
0.02122598886489868
0.02122618816792965
0.021225880831480026
0.021226491779088974
0.021226461976766586
0.021225979551672935
0.021225588396191597
0.021225685253739357
0.021226517856121063
0.02122579701244831
0.02122637815773487
0.02122601307928562
0.021225925534963608
0.021226488053798676
0.0212259404361248
0.02122584544122219
0.02122580073773861
0.02122608572244644
0.021226301789283752
0.02122572436928749
0.02122648060321808
0.021226368844509125
0.021226029843091965
0.0212265495210886
0.021226581186056137
0.02122599259018898
0.021226076409220695
0.021225735545158386
0.021225668489933014
0.02122637815773487
0.021225718781352043
0.02122567407786846
0.021225744858384132
0.02122638374567032
0.02122562564909458
0.02122609131038189
0.02122589386999607
0.021225953474640846
0.0212263111025095
0.02122601307928562
0.021226320415735245
0.021226169541478157
0.021226374432444572
0.021226299926638603
0.021226197481155396
0.021226240321993828
0.02122589200735092
0.021226225420832634
0.021225711330771446
0.021226555109024048
0.021225787699222565
0.021226128563284874
0.02122574858367443
0.02122579887509346
0.02122603729367256
0.021226370707154274
0.02122632972896099
0.021226374432444572
0.021225621923804283
0.021226150915026665
0.021225957199931145
0.021225949749350548
0.02122613973915577
0.021226271986961365
0.021226050332188606
0.02122601307928562
0.021226035431027412
0.02122613601386547
0.021225951611995697
0.02122560515999794
0.021225759759545326
0.021226298063993454
0.021226346492767334
0.02122572623193264
0.02122638002038002
0.02122577279806137
0.021226150915026665
0.02122626081109047
0.02122587338089943
0.02122621051967144
0.02122597210109234
0.02122657373547554
0.0212261825799942
0.021226152777671814
0.02122638002038002
0.021226204931735992
0.02122582122683525
0.021225979551672935
0.02122601494193077
0.021226122975349426
0.021226447075605392
0.021225957199931145
0.02122567966580391
0.021226147189736366
0.021226052194833755
0.02122570015490055
0.021226048469543457
0.021225787699222565
0.02122577279806137
0.021226560696959496
0.021226242184638977
0.02122582495212555
0.02122657187283039
0.021226460114121437
0.021226147189736366
0.02122592180967331
0.021225761622190475
0.021225817501544952
0.02122610993683338
0.0212260615080595
0.021225951611995697
0.021226171404123306
0.021225979551672935
0.021226154640316963
0.0212261900305748
0.021225715056061745
0.02122626267373562
0.021225914359092712
0.0212263036519289
0.021225592121481895
0.021226149052381516
0.021226277574896812
0.021226366981863976
0.021225936710834503
0.021226121112704277
0.021226078271865845
0.021226484328508377
0.0212261900305748
0.02122647687792778
0.021225936710834503
0.021225908771157265
0.02122642658650875
0.021225975826382637
0.02122606337070465
0.021226482465863228
0.021225957199931145
0.0212263111025095
0.02122628316283226
0.021226253360509872
0.021226216107606888
0.021225908771157265
0.021226169541478157
0.02122652716934681
0.021226173266768456
0.021226271986961365
0.02122652158141136
0.02122652716934681
0.021226178854703903
0.021226536482572556
0.021226152777671814
0.02122637815773487
0.02122633159160614
0.02122611179947853
0.02122560888528824
0.021225901320576668
0.021226199343800545
0.02122577466070652
0.021226253360509872
0.02122591994702816
0.02122648060321808
0.021226417273283005
0.021225998178124428
0.02122615836560726
0.021226326003670692
0.02122589200735092
0.021226366981863976
0.021225668489933014
0.02122575230896473
0.02122567407786846
0.021225769072771072
0.0212261900305748
0.021225638687610626
0.02122586779296398
0.021226486191153526
0.02122603915631771
0.021226510405540466
0.021226556971669197
0.02122642658650875
0.02122560702264309
0.021225618198513985
0.021226191893219948
0.021226180717349052
0.021226299926638603
0.021225614473223686
0.021225934848189354
0.02122611738741398
0.02122657746076584
0.021226583048701286
0.021225929260253906
0.02122604101896286
0.02122614160180092
0.02122603729367256
0.021225668489933014
0.021225836127996445
0.021226391196250916
0.02122652903199196
0.021225938573479652
0.0212259478867054
0.021226564422249794
0.021225666627287865
0.021225664764642715
0.021225646138191223
0.02122584357857704
0.02122604474425316
0.021225742995738983
0.021226249635219574
0.021225720643997192
0.02122562564909458
0.021226536482572556
0.02122584357857704
0.02122568152844906
0.02122587338089943
0.02122565731406212
0.021225841715931892
0.021225664764642715
0.02122640609741211
0.02122623659670353
0.021226350218057632
0.02122645452618599
0.02122589759528637
0.02122591622173786
0.021226482465863228
0.02122592180967331
0.021225834265351295
0.0212258193641901
0.02122637629508972
0.021225718781352043
0.021225688979029655
0.021226370707154274
0.021226119250059128
0.0212265495210886
0.021225837990641594
0.02122654765844345
0.021226132288575172
0.02122616395354271
0.02122649736702442
0.02122598886489868
0.02122577838599682
0.021225765347480774
0.02122603729367256
0.02122586779296398
0.021226471289992332
0.02122582495212555
0.02122644893825054
0.021226080134510994
0.021225864067673683
0.021226361393928528
0.021226108074188232
0.02122567594051361
0.021225742995738983
0.021226219832897186
0.021226566284894943
0.02122616209089756
0.02122640050947666
0.021225741133093834
0.021226070821285248
0.021225808188319206
0.02122625894844532
0.02122648060321808
0.021225731819868088
0.02122565545141697
0.021225789561867714
0.021226054057478905
0.021226203069090843
0.02122580073773861
0.021225858479738235
0.02122625522315502
0.021225688979029655
0.021226339042186737
0.02122574858367443
0.021226312965154648
0.021225880831480026
0.02122587338089943
0.02122649736702442
0.02122650109231472
0.021225905045866966
0.02122570015490055
0.021225692704319954
0.02122611366212368
0.021226096898317337
0.02122652344405651
0.021225692704319954
0.021225592121481895
0.0212265532463789
0.02122587524354458
0.0212265457957983
0.021226106211543083
0.021226057782769203
0.021226489916443825
0.021226324141025543
0.021226372569799423
0.02122638188302517
0.021226413547992706
0.021225934848189354
0.021225696429610252
0.02122577279806137
0.02122633531689644
0.02122616581618786
0.02122609317302704
0.021226568147540092
0.021226081997156143
0.021226035431027412
0.02122613415122032
0.021226508542895317
0.021225979551672935
0.021226495504379272
0.021226374432444572
0.0212258230894804
0.021226510405540466
0.021225664764642715
