1.168546199798584
1.105279803276062
0.9610357880592346
0.589294970035553
0.7588731646537781
1.1476095914840698
1.4144480228424072
0.7068174481391907
0.9117498397827148
0.708278238773346
1.366409420967102
0.7802672982215881
1.21206796169281
1.4277414083480835
0.8679041862487793
0.6557177305221558
0.8665179014205933
1.024798035621643
1.1989219188690186
0.8779667019844055
0.534492015838623
1.087708830833435
0.9668989181518555
0.41194769740104675
0.9998501539230347
0.27653181552886963
1.3779467344284058
0.19505418837070465
1.4771535396575928
1.1737340688705444
1.2598516941070557
1.3418116569519043
0.6203890442848206
0.8758593797683716
0.2912897765636444
1.2109943628311157
1.431908130645752
1.3880493640899658
1.1430968046188354
1.1364994049072266
1.3424521684646606
1.4929335117340088
1.3907561302185059
0.821938693523407
0.6464593410491943
1.4673854112625122
1.100519061088562
1.4074617624282837
0.9195380806922913
0.7227792143821716
1.029402256011963
0.6606894731521606
1.201313853263855
0.853890597820282
0.6983944773674011
0.9268891215324402
1.1971534490585327
1.2877393960952759
1.162926197052002
0.5502607226371765
0.41300299763679504
1.2174232006072998
0.990100622177124
0.6854480504989624
0.8568890690803528
1.1355013847351074
1.246064305305481
0.8920307755470276
1.3049010038375854
1.4360049962997437
0.6438804268836975
1.4602347612380981
1.3673577308654785
1.2818468809127808
0.7737439870834351
0.231150284409523
0.6963952779769897
0.7565056085586548
0.9892781376838684
1.176716923713684
1.3117352724075317
1.1737143993377686
1.441845417022705
0.6900338530540466
0.6455682516098022
1.3716877698898315
1.1665012836456299
1.2782518863677979
0.9005348682403564
0.593656599521637
1.2215913534164429
1.1277235746383667
1.4231446981430054
1.2376171350479126
0.9772229194641113
1.3061145544052124
0.7259055972099304
0.9752264618873596
0.6544625163078308
0.9926695227622986
0.9178032875061035
0.8993409276008606
0.8372028470039368
1.4992438554763794
0.30089595913887024
1.502691388130188
0.6096710562705994
1.3845288753509521
1.258640170097351
1.1444724798202515
0.7481704950332642
0.4527289867401123
0.9758805632591248
0.8726500272750854
1.2808151245117188
1.2505050897598267
0.9018908143043518
1.4441297054290771
0.394204318523407
1.0027379989624023
1.423240303993225
1.0132464170455933
0.9738900661468506
0.37836959958076477
1.0880091190338135
1.3905051946640015
1.3337500095367432
1.3630669116973877
0.6586235761642456
0.8916983604431152
1.3894011974334717
0.4672991633415222
1.2155786752700806
1.3909852504730225
0.7117691040039062
0.6680796146392822
1.1427491903305054
0.47933894395828247
0.6588273048400879
1.2972416877746582
1.493639349937439
1.2884571552276611
1.3739590644836426
1.2024751901626587
0.5295165181159973
0.6580709218978882
1.4747226238250732
1.464345097541809
1.207621693611145
1.3660818338394165
0.8434627056121826
0.7658618688583374
1.3502181768417358
0.40276801586151123
1.3440794944763184
0.972480833530426
0.8945666551589966
1.2981549501419067
0.49920132756233215
1.3659725189208984
0.7230852842330933
1.1922309398651123
0.9282065629959106
0.8147208094596863
1.015179991722107
1.1079792976379395
0.5976827144622803
1.396368145942688
0.9398180842399597
0.980164647102356
0.7712446451187134
1.2560198307037354
1.2708672285079956
1.0752607583999634
1.1467442512512207
1.181617021560669
1.398476481437683
0.8759409189224243
1.2579820156097412
0.9534452557563782
0.9667416214942932
1.458370566368103
1.1297554969787598
0.559747576713562
1.259623408317566
0.7122126221656799
0.11622151732444763
1.379064917564392
1.2134684324264526
1.29254949092865
0.5240487456321716
0.8280133008956909
0.7460021376609802
1.0218844413757324
0.6672424077987671
1.3186614513397217
0.5538119077682495
1.1324307918548584
1.218103289604187
0.5790715217590332
1.4308158159255981
0.7114723920822144
0.8007411956787109
0.8084120750427246
0.8223744630813599
0.44963616132736206
0.3017401397228241
0.8187084197998047
1.456773042678833
1.2994190454483032
1.3274751901626587
1.1915315389633179
1.1345198154449463
1.3102655410766602
0.9343631267547607
1.4032005071640015
1.0243260860443115
1.2322007417678833
1.2851767539978027
0.8188970685005188
1.0393644571304321
1.1166960000991821
1.3903851509094238
0.7775358557701111
1.0479017496109009
1.0103925466537476
1.0789778232574463
1.2020546197891235
0.7935404777526855
0.3412347137928009
0.7497361898422241
0.9755088686943054
0.7854312062263489
0.929450511932373
0.5582540035247803
1.2114825248718262
1.4837573766708374
1.2818539142608643
1.441238284111023
1.0247148275375366
1.4048082828521729
1.4656519889831543
0.7106188535690308
0.9678388237953186
1.4004625082015991
1.1901992559432983
0.5861898064613342
0.5241434574127197
1.462525486946106
1.3505122661590576
0.7817453145980835
1.0702049732208252
1.099534273147583
0.3434925675392151
0.6169965267181396
1.1920174360275269
1.20713472366333
0.8618779182434082
1.4385011196136475
1.0081783533096313
0.6968748569488525
1.0505151748657227
1.0441004037857056
1.461574673652649
0.7545607686042786
0.5618629455566406
1.0766780376434326
0.8872714042663574
0.7773937582969666
0.6825973987579346
1.0878714323043823
0.9880580306053162
1.4409096240997314
0.36458641290664673
1.0126501321792603
0.30161306262016296
0.7165724635124207
0.6493995189666748
1.4093788862228394
0.9185290932655334
1.473788857460022
1.289227843284607
1.4533993005752563
1.3653875589370728
1.0000001192092896
1.2632911205291748
0.7055416703224182
1.242435097694397
1.0459856986999512
0.852772057056427
0.570651650428772
1.2159408330917358
1.3701993227005005
1.112691044807434
1.029252052307129
0.988807737827301
0.7626338601112366
0.7213134169578552
0.8297919631004333
1.3011740446090698
1.3130931854248047
1.18492591381073
0.6406413316726685
0.6533425450325012
0.46552446484565735
1.2135967016220093
1.146740198135376
0.9190608263015747
0.8344119787216187
0.8485569357872009
0.8439441323280334
1.3862214088439941
0.6523446440696716
1.3479732275009155
0.8324779868125916
0.6053157448768616
0.4254792332649231
0.6688729524612427
0.7049680352210999
1.3029811382293701
0.9464487433433533
0.8781862258911133
0.4894895851612091
0.8652051091194153
1.3059723377227783
0.7761558890342712
1.28252112865448
1.2812374830245972
1.0088698863983154
1.0085078477859497
1.3651279211044312
0.6260355710983276
0.5420038104057312
1.1214808225631714
0.7259097695350647
1.3345915079116821
1.1866577863693237
1.3540314435958862
0.9720973372459412
1.2201292514801025
1.0769656896591187
1.4295119047164917
0.30401334166526794
0.9893054962158203
1.343663215637207
0.42892614006996155
1.3821088075637817
0.5742818713188171
0.9743616580963135
0.6994773745536804
0.37459656596183777
0.9873566031455994
1.4209280014038086
0.8242369294166565
1.3007563352584839
0.93330979347229
1.0940005779266357
0.8430342078208923
0.5243995189666748
0.6235719323158264
1.1438263654708862
1.0330077409744263
1.2184650897979736
1.2663098573684692
0.7241626381874084
0.8286423683166504
0.9576401114463806
0.7537416815757751
1.2706400156021118
1.2025221586227417
1.1825119256973267
1.202605962753296
1.435537338256836
1.2821555137634277
0.6837691068649292
0.7981957197189331
1.104486107826233
0.5863450765609741
0.6919230818748474
1.120894432067871
0.7236199378967285
1.3832613229751587
0.5204890370368958
0.5482181906700134
0.5881868004798889
1.1392297744750977
1.0731614828109741
0.7192657589912415
1.316925048828125
1.3492717742919922
1.340222954750061
1.3087725639343262
0.8964168429374695
0.5702088475227356
0.8326168656349182
1.4700478315353394
1.3540875911712646
0.561036229133606
0.6275174617767334
1.2404732704162598
1.180118441581726
0.8632492423057556
1.1225935220718384
1.0556471347808838
0.9610015153884888
0.24438586831092834
1.2801522016525269
1.040636658668518
0.7683970332145691
1.0261366367340088
1.2055127620697021
1.1390182971954346
1.217935562133789
1.4734512567520142
1.406775951385498
1.0794316530227661
0.8804967999458313
0.7722021341323853
0.9426882266998291
0.22894009947776794
1.2078641653060913
1.063524842262268
0.9861212968826294
0.8226621150970459
0.8032981753349304
1.1549898386001587
0.9546340703964233
0.8600009679794312
0.44684040546417236
1.1744848489761353
1.2359399795532227
1.4832746982574463
1.3254317045211792
1.4593173265457153
0.7759814858436584
1.476954698562622
1.3271965980529785
1.026829481124878
0.696812629699707
1.4470882415771484
1.1228466033935547
0.5407260656356812
0.7850625514984131
1.159192442893982
0.8062088489532471
1.001820683479309
1.4940967559814453
1.1595386266708374
0.9927499294281006
0.8438495993614197
0.7514520287513733
1.26115882396698
0.36453303694725037
0.9415537118911743
1.5002648830413818
1.3896280527114868
1.3943113088607788
1.1474928855895996
0.7664902806282043
1.353585958480835
1.0858843326568604
0.47043928503990173
0.47413334250450134
1.007035255432129
1.3043835163116455
0.7966259717941284
1.4134657382965088
0.3019843101501465
1.4008740186691284
1.1203360557556152
1.3577431440353394
1.2808867692947388
0.5139353275299072
0.5385225415229797
0.5524873733520508
0.9885646104812622
1.4776275157928467
1.047197699546814
1.1067854166030884
1.3294874429702759
1.0806357860565186
0.2960658669471741
0.7265714406967163
0.8292510509490967
0.9190189838409424
1.4357861280441284
0.9068968296051025
1.3953503370285034
0.5742304921150208
1.3310152292251587
1.1172938346862793
0.7609871029853821
0.9448594450950623
1.1729037761688232
1.091240644454956
1.0366791486740112
0.6824747323989868
1.217333436012268
1.0109516382217407
0.9412607550621033
0.4576129913330078
1.3667653799057007
0.801471471786499
1.1042085886001587
0.8021268248558044
0.6008412837982178
1.350427508354187
0.8417935371398926
0.8159354329109192
1.1155197620391846
1.2476176023483276
0.9419118762016296
1.0610772371292114
0.9954673647880554
1.1478228569030762
1.3067110776901245
0.9759244918823242
0.8298497796058655
0.734154462814331
0.9950656890869141
0.9186225533485413
0.9611812829971313
1.045301079750061
1.2980504035949707
0.9705365896224976
0.3913501799106598
0.7261254191398621
1.4877583980560303
0.5673269629478455
1.4252201318740845
0.557832658290863
1.131658911705017
0.39467868208885193
0.9721824526786804
0.4487987160682678
0.604446291923523
1.440502405166626
1.3349709510803223
0.8885248899459839
0.6205016374588013
1.071763277053833
1.4808045625686646
1.157638669013977
1.332854986190796
0.6976149082183838
0.46366721391677856
0.8850223422050476
0.778632640838623
1.0797646045684814
0.5744001865386963
1.4108691215515137
0.38976046442985535
1.3473786115646362
0.7783680558204651
0.8694044351577759
0.7938877940177917
0.23083801567554474
1.1622759103775024
1.0538349151611328
1.4741594791412354
1.0096668004989624
0.4196854829788208
0.28936445713043213
1.2376559972763062
1.148382544517517
1.45144784450531
0.8551656603813171
1.2855478525161743
1.3934892416000366
1.0779380798339844
1.184430718421936
0.25727182626724243
1.0278552770614624
1.1538761854171753
1.4420415163040161
0.9536502361297607
0.9224969148635864
1.1736410856246948
0.09287889301776886
1.3734067678451538
1.0964676141738892
1.23218834400177
1.0471421480178833
1.268884539604187
0.8254013061523438
0.8112168908119202
1.4488517045974731
1.2260158061981201
0.4271028935909271
0.45790576934814453
1.080348253250122
0.1721642166376114
1.316434621810913
1.2134231328964233
0.930763840675354
1.2607165575027466
1.3983783721923828
1.4552603960037231
0.5092470645904541
0.25815582275390625
0.7453501224517822
1.3718962669372559
1.49134361743927
1.0577096939086914
1.0724416971206665
0.7263072729110718
1.398058295249939
1.2116482257843018
0.3586339056491852
1.1332002878189087
0.5710511207580566
1.280940294265747
1.4527627229690552
1.3607559204101562
1.0740665197372437
1.2134288549423218
1.4675283432006836
0.3479516804218292
0.8590728044509888
0.6658549904823303
0.9421286582946777
0.7728933095932007
1.1739503145217896
0.8292573690414429
1.0603461265563965
0.5820046663284302
0.8278223276138306
0.584928572177887
1.4270628690719604
1.446544885635376
1.3395694494247437
0.97831130027771
0.7678951621055603
1.2917674779891968
1.4036383628845215
0.7221280932426453
0.45933037996292114
1.230521321296692
0.9347460865974426
0.6983770132064819
1.0567371845245361
1.3001377582550049
1.448149561882019
0.2842455208301544
1.4166669845581055
1.155462384223938
1.336069107055664
1.0033514499664307
0.9431796073913574
0.6913931965827942
0.5484514236450195
0.9046440124511719
1.2425822019577026
1.348236322402954
1.1754553318023682
0.4573543667793274
1.0528473854064941
1.4462788105010986
0.7087813019752502
0.9857549071311951
1.1635805368423462
0.27916863560676575
0.37692737579345703
1.222058892250061
1.180535078048706
1.3573178052902222
1.1470073461532593
0.8937790989875793
0.464177668094635
1.464016079902649
0.546005368232727
1.2480803728103638
0.7004085183143616
1.0920745134353638
0.17466285824775696
1.0354737043380737
0.3289805054664612
1.3291003704071045
1.2286890745162964
0.9277268052101135
1.3751494884490967
0.3578304648399353
0.38992077112197876
0.7000524401664734
0.9128413200378418
1.1306771039962769
1.0994890928268433
0.8259359002113342
1.3888274431228638
1.1874018907546997
1.2492215633392334
1.408494234085083
0.46944427490234375
1.238048791885376
1.4587808847427368
0.5263260006904602
0.2977324426174164
0.8578757047653198
1.239203691482544
0.9181020259857178
1.041683316230774
0.34575995802879333
0.8170375823974609
0.7405457496643066
0.992455005645752
0.4769308269023895
0.875646710395813
1.0894745588302612
0.41834962368011475
0.7992364168167114
0.6216006875038147
0.8951617479324341
0.4323001801967621
1.4937297105789185
1.2708836793899536
1.0578473806381226
0.5675589442253113
1.4421017169952393
0.8750297427177429
0.9914603233337402
0.9311942458152771
0.463886022567749
0.8039944767951965
0.967806875705719
1.439935326576233
0.8872376084327698
0.8664024472236633
1.0328882932662964
1.003211498260498
1.0734879970550537
0.664310097694397
0.9807668924331665
0.8655498623847961
1.0996617078781128
1.166863203048706
0.87605881690979
1.170305848121643
0.20489831268787384
0.8371809124946594
1.2620666027069092
0.7139896750450134
0.886732816696167
0.8735108971595764
1.3467625379562378
1.0316566228866577
1.3665878772735596
1.4181245565414429
1.4985461235046387
1.0186158418655396
0.9195574522018433
1.165784239768982
0.7154359221458435
1.2839614152908325
0.9262475371360779
0.4896089434623718
1.3499280214309692
0.593267560005188
1.293483018875122
0.9588531851768494
0.6577044129371643
0.9237604141235352
1.213324785232544
0.9335875511169434
0.6994537115097046
1.419516682624817
0.8850513100624084
0.9312672019004822
1.4873816967010498
1.380179524421692
0.9974192976951599
1.3073872327804565
0.6193100214004517
0.9143082499504089
0.3789633810520172
0.7811647653579712
1.1007790565490723
1.1329870223999023
0.9383814930915833
1.3128770589828491
1.029067039489746
1.4715465307235718
1.037057876586914
0.681956946849823
1.1206245422363281
1.3249154090881348
0.9980028867721558
1.460827112197876
1.0653326511383057
0.9596397876739502
1.312864899635315
1.3603514432907104
1.2895187139511108
0.788237988948822
0.9857619404792786
0.9948128461837769
1.1023619174957275
0.4859439730644226
1.3880727291107178
0.5938157439231873
0.9338172078132629
1.00230872631073
1.1225463151931763
0.6961937546730042
0.9928027391433716
0.4498799741268158
0.9764178395271301
1.1185040473937988
1.4077539443969727
1.0044182538986206
1.0374925136566162
0.3159388601779938
0.7429348230361938
1.2903145551681519
1.4970786571502686
1.4633798599243164
0.11942499876022339
1.0363287925720215
1.354466438293457
0.9983317852020264
0.7378855347633362
1.0473933219909668
1.2636585235595703
0.49335792660713196
0.7049570679664612
0.9465118646621704
1.065259337425232
1.4169617891311646
0.47454413771629333
1.0739766359329224
0.5154116153717041
1.300620436668396
0.7104173898696899
0.7280447483062744
1.0242493152618408
1.2491662502288818
1.4445255994796753
1.3840384483337402
0.8690895438194275
1.391015648841858
0.7587528228759766
1.3935989141464233
1.3640081882476807
0.5909982323646545
0.9816830158233643
0.7844927906990051
1.45638906955719
0.9509326815605164
0.4362697899341583
1.0919331312179565
0.2473384290933609
0.9057994484901428
1.059881329536438
0.6423222422599792
1.4476521015167236
1.4823510646820068
0.8610509634017944
1.4668794870376587
0.5420184135437012
0.5782559514045715
1.227264642715454
1.1344037055969238
0.5724676847457886
0.6156848669052124
0.3030407428741455
1.1753710508346558
1.4035022258758545
1.233347773551941
1.3745797872543335
1.249873161315918
1.2244858741760254
0.960254967212677
1.2038359642028809
0.8402842283248901
1.0383728742599487
1.4059780836105347
0.8401587009429932
1.391866683959961
0.8955222964286804
1.0942051410675049
1.3211647272109985
0.616557776927948
1.1186882257461548
0.5006194710731506
0.8328221440315247
0.9009613394737244
1.295056939125061
1.458486795425415
0.955315887928009
0.9516152143478394
0.7495254874229431
0.6333664059638977
1.3877047300338745
1.4628865718841553
0.5295930504798889
1.148089051246643
1.4118876457214355
1.477954626083374
1.3130598068237305
0.6497175097465515
1.044508457183838
1.2328262329101562
0.7864686250686646
0.4793313145637512
1.4209954738616943
0.6998466849327087
0.8141906261444092
1.49859619140625
0.9781509637832642
1.0945664644241333
0.9786950945854187
0.90891033411026
0.6123192310333252
1.0561155080795288
0.9031696915626526
1.4054481983184814
0.8895462155342102
1.2482267618179321
1.0785820484161377
1.2115689516067505
0.8879900574684143
1.1088865995407104
1.4298871755599976
0.6054259538650513
0.7482672333717346
0.5528991222381592
1.2738280296325684
1.3039993047714233
1.4349429607391357
1.0556483268737793
0.7364214062690735
0.3406410813331604
1.0890991687774658
1.3419747352600098
0.6282739043235779
0.9174339771270752
1.285347580909729
0.8556119203567505
0.725020706653595
1.2332340478897095
0.6788193583488464
1.0925475358963013
0.6886404156684875
1.1531221866607666
1.077239990234375
1.0219405889511108
1.4112907648086548
0.5676928162574768
0.920548141002655
0.955070972442627
1.1644067764282227
1.0136312246322632
1.3877924680709839
1.2148611545562744
1.4873735904693604
1.253820776939392
1.3747780323028564
1.4410521984100342
1.4123765230178833
0.5863052010536194
1.4460572004318237
1.1778059005737305
0.5285100340843201
0.9665963649749756
0.840126633644104
1.343446135520935
1.0310267210006714
0.952597975730896
1.4552717208862305
1.3079670667648315
1.332148551940918
0.7600135803222656
0.508867621421814
1.0088059902191162
1.1364468336105347
0.9183587431907654
0.5788269639015198
1.014902949333191
0.9666231274604797
0.9673002362251282
0.6918236017227173
0.7441251873970032
1.490723967552185
0.7779601812362671
0.8834852576255798
1.4583510160446167
1.0972590446472168
1.2597339153289795
1.1342018842697144
1.0824954509735107
1.250983476638794
0.5576382279396057
1.4912669658660889
0.4781630039215088
1.3431217670440674
1.0766009092330933
1.2788457870483398
0.6871965527534485
1.3520516157150269
1.4396244287490845
1.3374682664871216
0.8224902749061584
0.6789392232894897
0.9073607325553894
0.8991749882698059
0.6934894919395447
1.0211269855499268
1.3252575397491455
0.4877801835536957
1.0726369619369507
1.0387245416641235
0.9252333045005798
0.5479454398155212
0.4518898129463196
0.6962834000587463
0.9751250743865967
0.9055776000022888
1.3527164459228516
0.9236088395118713
0.4456137418746948
0.7153264284133911
1.487249493598938
0.7902877330780029
1.045257568359375
1.0989583730697632
1.0796558856964111
0.4037255346775055
0.0877913311123848
1.2311675548553467
0.9712202548980713
1.3427307605743408
1.1504387855529785
0.5717833042144775
0.5876749157905579
1.2040151357650757
0.8271464705467224
1.2630962133407593
0.7500765919685364
0.861958920955658
1.2624897956848145
1.3411238193511963
1.3613606691360474
1.2719436883926392
0.9581781029701233
0.43724483251571655
0.9652438163757324
1.0845730304718018
1.1959623098373413
1.0359702110290527
1.3601845502853394
1.0057536363601685
1.339155673980713
0.7429184317588806
1.3805105686187744
1.3391962051391602
1.2758334875106812
1.4893875122070312
0.8335950374603271
0.21957287192344666
1.164157509803772
0.4852016270160675
1.283777117729187
0.9697970151901245
1.1620699167251587
1.3841155767440796
1.4584648609161377
1.4666246175765991
1.2266192436218262
1.3808677196502686
1.390203833580017
0.9278819561004639
1.0803956985473633
0.040718480944633484
0.846740186214447
1.4920227527618408
0.7931683659553528
1.2710206508636475
1.0547806024551392
0.9844770431518555
1.0652128458023071
1.2630647420883179
0.7882037162780762
0.962791383266449
1.4120721817016602
1.213596224784851
0.9256941080093384
1.1204167604446411
0.9027366042137146
1.273826241493225
1.4053587913513184
1.3381391763687134
1.365768551826477
0.8677621483802795
0.7793846726417542
1.488996982574463
0.8210905194282532
0.5894732475280762
1.2822456359863281
1.4564768075942993
0.727845311164856
0.8356940150260925
1.0832139253616333
0.7681902050971985
1.2954881191253662
1.0389372110366821
1.0069725513458252
0.8188587427139282
0.7978997826576233
0.6506714224815369
1.4374911785125732
1.3677728176116943
1.042768955230713
1.3365683555603027
1.2394667863845825
1.1095908880233765
0.9984627366065979
1.1820781230926514
0.4026290476322174
1.3388910293579102
0.8859118223190308
0.5981345176696777
0.8873567581176758
0.6866505742073059
0.8644360303878784
1.1013076305389404
0.939885139465332
1.4736648797988892
1.2274136543273926
1.4960471391677856
1.1147112846374512
0.6266746520996094
0.769525945186615
0.8558349609375
1.2079147100448608
1.0678268671035767
0.6712920069694519
0.9461216926574707
1.4694457054138184
1.0118885040283203
1.160893201828003
0.3999830484390259
0.5889019966125488
0.7677741646766663
1.3196096420288086
1.2529065608978271
0.899255633354187
1.4157401323318481
1.0369762182235718
0.5155696868896484
1.1938591003417969
1.275127649307251
0.4367333650588989
1.1588233709335327
1.33852219581604
0.8459113240242004
1.1313430070877075
0.7888002991676331
1.404439926147461
1.2222248315811157
1.4937607049942017
1.3222835063934326
1.192327857017517
0.9944362640380859
0.5341955423355103
0.984012246131897
0.9413585662841797
0.8673624992370605
0.8299468755722046
1.0579465627670288
0.6301431059837341
1.318752646446228
1.2845808267593384
1.176310420036316
0.8406484127044678
1.106948971748352
0.9312663674354553
0.6579934358596802
1.1210569143295288
0.6781388521194458
1.4372097253799438
0.9491554498672485
0.7164576649665833
0.3718908727169037
1.3267585039138794
0.9870803952217102
1.0165783166885376
1.137879729270935
0.8031477928161621
0.5563128590583801
1.232303261756897
0.5157197713851929
1.0033513307571411
1.145577073097229
1.1324807405471802
1.0215404033660889
0.3281402289867401
1.4533239603042603
1.4628753662109375
1.3304812908172607
1.4595937728881836
0.7306901216506958
0.9834123849868774
1.4309139251708984
1.5003000497817993
1.205586552619934
0.15877178311347961
1.0343501567840576
0.8892027139663696
0.45396456122398376
0.6090877652168274
1.1548041105270386
0.587626039981842
0.36058205366134644
0.509905219078064
0.9420958161354065
0.9249400496482849
0.8743453621864319
0.8527114987373352
0.3300025165081024
1.35547935962677
1.2936601638793945
0.4771760106086731
1.3828747272491455
1.4273834228515625
1.068773627281189
0.8023194074630737
1.274520993232727
1.1276262998580933
1.3807905912399292
0.5093838572502136
1.4126945734024048
0.6380335092544556
0.9433616995811462
0.824806272983551
0.861704409122467
1.3549813032150269
1.4507396221160889
0.25339141488075256
0.37365615367889404
1.0407397747039795
1.3082693815231323
0.9672393798828125
0.9926636815071106
1.1028633117675781
0.6103540062904358
0.8372737169265747
1.1501139402389526
0.21385188400745392
1.4694234132766724
0.8721800446510315
0.7000933885574341
1.0854467153549194
0.5687397718429565
1.1825312376022339
1.363595962524414
0.8631645441055298
1.2757246494293213
0.46973979473114014
1.2304348945617676
1.3731192350387573
1.4496067762374878
0.56890469789505
1.0495671033859253
1.3981999158859253
0.704643726348877
0.6224836707115173
0.5043465495109558
1.0829342603683472
1.2910606861114502
1.0979270935058594
1.0798465013504028
0.9304789304733276
1.342228889465332
1.3816090822219849
1.4609569311141968
0.17391808331012726
1.1011977195739746
1.0165414810180664
0.7783631682395935
0.8750066757202148
1.3994264602661133
1.4963102340698242
1.4705984592437744
1.2611207962036133
0.9895426034927368
0.8809702396392822
1.0030272006988525
1.361772060394287
0.7966634035110474
1.4781792163848877
1.4413700103759766
1.0993887186050415
1.0219980478286743
1.0442516803741455
0.8713318109512329
1.0811681747436523
0.6257582306861877
0.8047381639480591
1.041477084159851
0.6068029403686523
0.6521920561790466
1.2491884231567383
0.7345531582832336
1.1182869672775269
0.8450426459312439
1.2116624116897583
0.42287498712539673
1.3253426551818848
0.9436753988265991
0.7674298882484436
1.4167011976242065
0.8610036373138428
1.3218051195144653
0.7373051643371582
0.8742550611495972
1.4075814485549927
1.0513637065887451
1.1901332139968872
0.7960726618766785
0.8220067620277405
1.1427299976348877
0.535979151725769
1.3305608034133911
0.8967858552932739
0.3766739070415497
0.8985694050788879
0.9786408543586731
1.2751294374465942
1.2835025787353516
1.4383355379104614
1.16737961769104
1.3230717182159424
1.4196408987045288
1.4777659177780151
0.7969863414764404
1.1925643682479858
1.0369079113006592
1.4780936241149902
0.7728634476661682
0.9962971210479736
1.1710247993469238
1.4238322973251343
1.3057186603546143
0.866938591003418
1.2685022354125977
1.1773653030395508
0.4709559381008148
0.20364981889724731
1.1513354778289795
1.2411490678787231
1.4301494359970093
0.9216901063919067
1.1838676929473877
1.3146142959594727
0.3852896988391876
0.1796838939189911
1.1204092502593994
0.4489823281764984
1.3358498811721802
1.3477550745010376
1.2846524715423584
1.352382779121399
1.3151460886001587
0.6357980370521545
1.0952942371368408
1.3422210216522217
1.0834589004516602
0.8120299577713013
1.338480830192566
0.767844021320343
1.253129482269287
0.6040809750556946
0.5887516140937805
0.11757978796958923
0.7368835210800171
0.38923364877700806
0.882318913936615
0.7658755779266357
1.4503360986709595
1.3673709630966187
0.6376134753227234
0.8253852128982544
0.29881441593170166
0.982354462146759
1.0115174055099487
1.0365811586380005
0.43597885966300964
1.4171119928359985
1.076654314994812
0.8326091766357422
0.43796437978744507
0.4476880431175232
0.4229655861854553
0.8584865927696228
0.637556791305542
0.9399830102920532
1.3889209032058716
0.8726779222488403
1.0816587209701538
1.3884910345077515
1.3967305421829224
0.44201987981796265
0.4234241843223572
1.4289309978485107
1.43733811378479
0.5971341729164124
0.996096134185791
1.1160703897476196
0.9443885684013367
1.4007424116134644
0.746052622795105
0.8396958112716675
1.3072834014892578
0.8148095011711121
1.1503300666809082
1.194307565689087
0.5652869343757629
1.3783071041107178
0.7226187586784363
1.4843336343765259
0.6795646548271179
1.1063636541366577
0.6109257936477661
0.6258673071861267
0.3586827218532562
1.1915005445480347
1.285495400428772
0.6278746724128723
1.0103812217712402
1.2978596687316895
1.092583179473877
1.4795944690704346
0.9137716293334961
0.3503592014312744
1.2265615463256836
0.9108248353004456
0.34038403630256653
1.1899052858352661
0.7274239659309387
1.387732982635498
1.4032598733901978
1.2855063676834106
1.2985613346099854
0.9343786239624023
0.8640177249908447
0.8231340050697327
1.1124160289764404
1.223468542098999
0.8307696580886841
1.2284868955612183
0.7635145783424377
0.9668250679969788
0.7384000420570374
1.1708166599273682
0.7851004004478455
1.194201111793518
0.8479428291320801
0.6855663657188416
0.885604202747345
1.135619878768921
0.5325213074684143
1.4593102931976318
0.6541041135787964
0.8842716217041016
1.4518803358078003
0.6787905693054199
1.4112365245819092
0.8929156064987183
0.6665749549865723
0.6212040781974792
1.0033291578292847
1.246143102645874
0.803499698638916
0.4196677505970001
1.1145886182785034
0.9201833605766296
1.4561816453933716
1.0123003721237183
1.0687689781188965
1.299736738204956
0.7889314889907837
0.6813727617263794
1.2223122119903564
0.8271268010139465
0.6771093010902405
1.2966517210006714
1.0478965044021606
1.0707825422286987
1.490937352180481
1.1116899251937866
1.3256232738494873
1.4208343029022217
1.4806667566299438
1.4970344305038452
0.8920176029205322
1.1565474271774292
1.4806684255599976
1.3908225297927856
0.638382077217102
1.049525499343872
1.1494828462600708
0.4627774655818939
0.815623939037323
0.9617985486984253
1.0818517208099365
1.016147255897522
1.1640987396240234
0.9989772439002991
1.3419121503829956
0.7873269319534302
1.445253849029541
0.9746066927909851
0.981080949306488
1.4036636352539062
1.3683241605758667
0.4034794270992279
1.2090262174606323
1.0436198711395264
1.018449068069458
1.4259392023086548
1.4185336828231812
1.1560077667236328
0.610541582107544
1.005462408065796
1.0393590927124023
0.9118874669075012
1.3798915147781372
0.6880833506584167
0.8661285042762756
0.7334057092666626
1.4450825452804565
1.141693115234375
0.8030766844749451
0.857185423374176
1.0677227973937988
0.05630573257803917
1.0599451065063477
1.429505705833435
0.9460368156433105
1.329776644706726
0.6190254092216492
1.2967417240142822
0.9101481437683105
0.8428398966789246
1.4646961688995361
0.8672516345977783
0.3769543766975403
0.6137838363647461
0.602142870426178
0.8592957258224487
1.3846373558044434
0.3331761360168457
0.7949568033218384
0.8548383116722107
1.3044813871383667
0.24838769435882568
0.8974686861038208
1.2549290657043457
1.3548578023910522
0.775601327419281
0.9915552139282227
0.5140483975410461
0.7586752772331238
1.1991697549819946
1.2547776699066162
0.4968436360359192
1.200555443763733
0.45005977153778076
0.9782244563102722
1.2299187183380127
0.641930341720581
1.187543272972107
1.1103564500808716
0.8839272856712341
0.9430695176124573
1.483088493347168
1.2152481079101562
1.0197649002075195
1.2246339321136475
1.4754867553710938
0.8597069382667542
1.089590311050415
1.4472166299819946
1.1646039485931396
0.9502097964286804
1.3635282516479492
0.7833991646766663
0.728116512298584
1.377916932106018
0.9892936944961548
0.6696570515632629
1.0921217203140259
0.7883040308952332
0.3153727948665619
0.8847321271896362
1.0552375316619873
0.7403964400291443
0.4058038592338562
1.4465420246124268
0.6810975074768066
0.7400607466697693
0.49808597564697266
0.9369195103645325
0.9358164072036743
1.4355846643447876
1.4403177499771118
1.0041265487670898
0.8989042043685913
1.1746506690979004
1.465570330619812
1.0007414817810059
1.4435288906097412
1.190887689590454
0.5526357889175415
0.9447916150093079
1.457154393196106
0.21996037662029266
0.5514187812805176
1.3995646238327026
0.9923067092895508
1.0826267004013062
1.3102134466171265
1.3379589319229126
1.4993700981140137
0.6985955834388733
0.7447521090507507
0.8106273412704468
0.8662892580032349
0.5941238403320312
0.8161877989768982
1.2543898820877075
0.9253043532371521
1.158056378364563
1.1115858554840088
1.310652494430542
0.9126143455505371
1.018303632736206
1.3360214233398438
1.3716320991516113
0.399625301361084
0.7080875635147095
1.0849885940551758
0.72162926197052
0.8154906034469604
1.3716511726379395
1.0582287311553955
0.3920852541923523
1.4261529445648193
1.0857552289962769
1.0380336046218872
0.6511500477790833
0.7572557330131531
1.4402538537979126
0.4967568814754486
0.9786019921302795
0.8127617835998535
1.4608135223388672
1.4833351373672485
0.8220359086990356
1.2594646215438843
1.3457754850387573
1.482691764831543
1.1243849992752075
0.9148531556129456
1.4895439147949219
1.4691144227981567
0.8783000111579895
0.8020212054252625
0.629231870174408
0.5271035432815552
0.8604044914245605
1.4379767179489136
0.5510757565498352
1.3596757650375366
0.45970192551612854
0.4430852234363556
1.0674371719360352
0.6908782124519348
1.442491888999939
0.5039179921150208
0.4288754463195801
1.0883287191390991
1.3054242134094238
0.513924241065979
0.6710655689239502
0.8842215538024902
1.1120980978012085
1.2378093004226685
0.7990871667861938
0.9996923804283142
0.8143350481987
0.34548622369766235
0.5840985178947449
1.3569464683532715
0.8509422540664673
1.0638686418533325
0.7948692440986633
0.9403946399688721
0.5533599853515625
1.299363374710083
0.9264147877693176
1.0095252990722656
1.2845948934555054
1.1023446321487427
0.6837522983551025
0.6601948142051697
1.3403222560882568
0.4513606131076813
0.609727144241333
0.5249674320220947
0.7207592129707336
0.430182546377182
1.382973551750183
1.0702699422836304
0.8620330691337585
1.0731134414672852
1.4052908420562744
1.2560526132583618
1.0414472818374634
1.4250295162200928
0.6341414451599121
0.9657110571861267
1.1821626424789429
1.0220880508422852
0.855669379234314
0.8099722266197205
1.0511847734451294
1.1828720569610596
1.2034028768539429
0.6709843277931213
1.117948055267334
1.430133581161499
1.2400312423706055
1.4288135766983032
1.0564225912094116
0.9525762796401978
0.38138893246650696
1.0756207704544067
1.2417893409729004
1.2587639093399048
0.24470679461956024
1.1515840291976929
0.2928563356399536
0.8606492280960083
0.42278045415878296
0.8532784581184387
1.22569739818573
1.059120535850525
0.38917332887649536
0.8270689845085144
1.1334831714630127
0.7137637734413147
0.6399309039115906
1.4106653928756714
1.3217753171920776
1.0515365600585938
1.0202404260635376
0.9957517385482788
1.4098442792892456
1.4269123077392578
1.1370238065719604
0.7921478748321533
1.2120628356933594
1.450034737586975
0.9383926391601562
0.8056411147117615
0.9307276606559753
1.292168140411377
1.387879490852356
1.346397042274475
1.2560759782791138
1.106974482536316
0.5120875239372253
1.1070114374160767
1.3027112483978271
0.9825292825698853
0.6484487652778625
0.9174547791481018
1.019312858581543
0.4323018193244934
0.9944968819618225
0.7085369229316711
1.1014829874038696
0.554108202457428
0.9947236776351929
0.5365445017814636
1.206626057624817
1.3200472593307495
1.4819636344909668
1.3845125436782837
1.4296873807907104
1.209173560142517
0.4147041141986847
1.3080780506134033
1.4443622827529907
0.5990093946456909
1.453845739364624
1.500986933708191
1.034943699836731
0.42314404249191284
1.352635145187378
0.8680009245872498
1.1682302951812744
0.23763905465602875
1.3383337259292603
0.934047520160675
0.8762719035148621
0.5893399119377136
1.244511365890503
1.0535067319869995
1.0355298519134521
1.1155383586883545
0.7853549718856812
1.0231682062149048
1.0232878923416138
0.8411372900009155
0.3274982273578644
1.3260656595230103
0.3228296637535095
0.9291184544563293
0.8227760791778564
1.1900160312652588
0.6575458645820618
1.1767277717590332
0.3736673593521118
1.4173991680145264
0.9147199392318726
1.3385173082351685
0.6686130166053772
1.3930706977844238
1.3425548076629639
0.8192462921142578
1.2224791049957275
1.2697830200195312
0.4940713346004486
1.4533162117004395
1.502657413482666
1.0199602842330933
0.8766336441040039
1.2424389123916626
0.9060234427452087
1.320102334022522
0.5265408754348755
0.7874380350112915
0.7007699012756348
1.4572653770446777
1.0867241621017456
0.9920380115509033
0.9795738458633423
1.0040040016174316
0.6685724854469299
1.0945731401443481
1.3307766914367676
1.1105811595916748
0.4906421899795532
0.4676728844642639
0.5105195641517639
1.1184571981430054
0.6662421822547913
0.9042968153953552
1.0353666543960571
1.1205180883407593
0.8520966172218323
1.252119541168213
0.9010197520256042
0.9214479923248291
0.6126161217689514
0.6011401414871216
1.2315030097961426
1.1065220832824707
0.986587405204773
1.4084373712539673
1.2773267030715942
0.6781635284423828
0.9432326555252075
1.4353286027908325
0.6385786533355713
0.6303498148918152
1.1040661334991455
1.019874095916748
0.7934798002243042
1.2728071212768555
1.2741745710372925
1.4021847248077393
1.408849835395813
1.236679196357727
0.7440155744552612
0.5570620894432068
1.192021369934082
0.701667070388794
0.841167151927948
1.036963701248169
1.3398463726043701
1.4936771392822266
0.9516600370407104
1.229526162147522
0.559888482093811
0.4495128095149994
1.3079805374145508
1.3696608543395996
0.4818156957626343
1.2731575965881348
0.8917425870895386
0.8699848651885986
0.7683281898498535
0.6176718473434448
0.5825166702270508
1.2274482250213623
1.1095789670944214
1.194835901260376
1.4917691946029663
1.2201790809631348
1.3148231506347656
1.1834086179733276
1.2607603073120117
1.3455196619033813
0.7538723945617676
0.8832871317863464
1.445021390914917
1.4148895740509033
1.370239496231079
0.6544201374053955
1.2560436725616455
0.5087510943412781
1.0470435619354248
1.4200564622879028
1.0138107538223267
0.7509792447090149
1.2010324001312256
1.0464118719100952
0.8585647940635681
1.4614272117614746
0.9220131039619446
1.3217823505401611
0.9214202165603638
1.3288651704788208
1.1395963430404663
0.8313048481941223
0.8760556578636169
0.658380925655365
0.9111813306808472
1.3089827299118042
1.2743489742279053
1.010176658630371
1.4518300294876099
1.242909550666809
1.4877419471740723
0.8889860510826111
1.0706080198287964
0.2879151999950409
0.8504924178123474
0.695654034614563
1.412982702255249
1.3501077890396118
0.6574827432632446
1.395292043685913
1.4981603622436523
0.8094508051872253
0.8982677459716797
1.4804871082305908
1.1477131843566895
1.2760646343231201
0.9313998222351074
0.5665850639343262
1.3533849716186523
1.4009313583374023
0.9512434005737305
0.550233006477356
1.4407002925872803
1.4568427801132202
1.1131834983825684
1.3258211612701416
1.0884616374969482
1.0454399585723877
1.2963966131210327
1.4297012090682983
0.872893214225769
0.8814113736152649
1.4689565896987915
1.3342124223709106
0.796579897403717
1.2938483953475952
0.953395426273346
1.2545185089111328
1.2568565607070923
1.2103217840194702
1.1617954969406128
1.468418002128601
1.2547434568405151
1.1572531461715698
0.9957998991012573
1.2009618282318115
1.151520848274231
1.0025933980941772
1.1953508853912354
0.9712659120559692
1.401909589767456
0.41740483045578003
1.239180326461792
1.111267328262329
0.8616716861724854
0.42392563819885254
1.3028583526611328
0.7313828468322754
0.7105567455291748
1.1580777168273926
0.8052327036857605
0.9290287494659424
0.6297899484634399
1.0833239555358887
1.4744397401809692
1.3076367378234863
0.8254626393318176
0.8827898502349854
1.4680098295211792
1.4750888347625732
0.41305917501449585
1.1718990802764893
0.9373407959938049
0.9705200791358948
0.8828302621841431
1.2592722177505493
0.7396206259727478
0.5746966004371643
0.5959155559539795
0.5594204068183899
1.130278468132019
0.4655025601387024
1.127843976020813
0.6328068375587463
0.6472851634025574
1.1004043817520142
1.3231619596481323
1.1349483728408813
0.8160446882247925
1.1502538919448853
1.0045084953308105
0.6247301697731018
0.7000973224639893
1.1215285062789917
1.3275166749954224
1.416536808013916
0.8980391621589661
0.9383386969566345
0.7466561198234558
0.6282618045806885
1.3357325792312622
0.9650477766990662
0.42206308245658875
1.0891687870025635
0.7381331920623779
0.8992221355438232
1.0860639810562134
0.29044631123542786
1.2475831508636475
0.9255673289299011
0.9138681292533875
0.9961822628974915
1.324104905128479
1.2736252546310425
1.3211047649383545
1.3415944576263428
1.3625496625900269
1.0614230632781982
0.4247777760028839
0.4942752718925476
0.674939751625061
1.2517719268798828
0.8569437265396118
0.9731543064117432
1.1815693378448486
0.8691651225090027
0.8750357031822205
1.4080556631088257
1.2182421684265137
1.2727097272872925
0.7531282305717468
0.9342949390411377
1.4520626068115234
0.3924497961997986
1.3587313890457153
0.5983948707580566
1.01646888256073
1.2955529689788818
0.9431261420249939
1.3976867198944092
0.10955597460269928
1.4380700588226318
1.2360819578170776
0.9515968561172485
0.828420877456665
1.3003875017166138
0.19824331998825073
0.8138054013252258
0.6013255715370178
1.2308944463729858
0.8532194495201111
0.8876240253448486
0.8315585851669312
1.4045114517211914
1.1202588081359863
0.5427131652832031
1.1905958652496338
0.9083674550056458
1.1407088041305542
0.7807663083076477
0.5544902086257935
0.7425258755683899
1.0805600881576538
0.4835723638534546
0.9024276733398438
1.1328644752502441
1.253708004951477
1.497838020324707
1.2669957876205444
1.1730231046676636
1.2030136585235596
1.1374711990356445
0.808462381362915
1.0886532068252563
1.3383139371871948
0.600366473197937
1.3074849843978882
1.4646414518356323
0.6817037463188171
1.1540707349777222
0.5669459700584412
1.0542540550231934
1.4950501918792725
0.9819103479385376
0.028332578018307686
1.2769187688827515
1.27112877368927
0.4128773510456085
1.258642554283142
1.0107686519622803
1.231895923614502
0.878349244594574
0.787125825881958
1.2475963830947876
0.9125533699989319
0.5479986071586609
0.6519068479537964
0.899570107460022
0.9746571183204651
1.1789350509643555
1.1892274618148804
1.4849385023117065
1.1618916988372803
1.0136686563491821
0.9572736620903015
0.3892577290534973
1.2983896732330322
1.3114644289016724
1.3469133377075195
1.1200084686279297
0.7823623418807983
1.2567722797393799
0.7312715649604797
1.3889657258987427
0.7198119163513184
1.4960370063781738
1.0364561080932617
1.3322334289550781
1.1642485857009888
0.6848694682121277
1.3347550630569458
1.2658202648162842
1.325736403465271
0.7082875370979309
1.0401637554168701
0.7329450845718384
1.0775065422058105
0.40160071849823
1.2836501598358154
1.268417239189148
0.5459065437316895
1.3083518743515015
0.5148224234580994
1.4637694358825684
1.24687922000885
0.5137714147567749
1.448896884918213
1.0463571548461914
0.847844660282135
1.5011413097381592
1.4369100332260132
1.3240647315979004
1.2886439561843872
0.27946457266807556
0.8751825094223022
0.754441499710083
1.3806474208831787
1.095565915107727
0.9082310795783997
1.3439521789550781
0.8685733675956726
1.0986205339431763
1.1218258142471313
0.46914544701576233
0.47173452377319336
1.0883384943008423
1.4963561296463013
1.0613868236541748
0.4165634214878082
1.1193543672561646
0.9604000449180603
0.8818856477737427
0.9731835126876831
1.4991310834884644
0.7293112874031067
1.2743420600891113
0.9013370871543884
0.9120895266532898
0.5453996062278748
0.7167145013809204
0.28114184737205505
0.7207661271095276
1.0420503616333008
0.45802146196365356
1.420880675315857
1.2197182178497314
1.1738719940185547
1.0419411659240723
1.3041903972625732
1.2796334028244019
0.6798344254493713
0.9389432072639465
1.087075114250183
1.3288637399673462
0.40501469373703003
1.3693238496780396
1.3183598518371582
1.4283407926559448
1.2477436065673828
1.3260574340820312
0.4465796947479248
1.3466771841049194
1.159272313117981
1.3189756870269775
1.0297207832336426
0.8754698038101196
0.9664340019226074
1.3569648265838623
1.4781980514526367
0.9236992597579956
0.9341229796409607
1.3489491939544678
1.243036150932312
1.4211454391479492
0.767533540725708
0.7400583028793335
1.445557713508606
1.1762487888336182
1.4500564336776733
0.6966909766197205
1.0229288339614868
0.583501935005188
1.2517892122268677
0.944071352481842
0.9716711640357971
0.9795709252357483
0.8470813632011414
0.5413475036621094
1.262719750404358
0.7596679925918579
0.8633979558944702
0.8681674003601074
0.6885963082313538
1.3905054330825806
0.850449800491333
1.4489960670471191
1.1274574995040894
1.086044430732727
0.5967245697975159
1.342359185218811
1.1153274774551392
0.915131688117981
0.6931318640708923
0.3749898374080658
0.5937933325767517
1.164698600769043
1.407494306564331
1.028707504272461
0.9006323218345642
0.49926289916038513
1.0222138166427612
1.0476194620132446
1.0946248769760132
0.5646895170211792
1.297776222229004
1.2983335256576538
1.474700927734375
0.9763454794883728
0.8045318126678467
1.0389254093170166
0.9650231599807739
0.4957566261291504
0.437043160200119
0.9084407091140747
1.0693902969360352
1.3571583032608032
1.0621142387390137
0.8467939496040344
0.9475058317184448
0.9518210887908936
0.4669378995895386
1.1526468992233276
0.816990315914154
1.1327940225601196
1.0827596187591553
0.7709508538246155
1.0869476795196533
0.6266314387321472
1.370193600654602
1.2313100099563599
0.3690023720264435
1.1789546012878418
0.9950655102729797
1.1432474851608276
1.1608996391296387
0.5442783832550049
1.094366192817688
1.4960740804672241
1.0926258563995361
1.2945606708526611
1.5020521879196167
1.1596999168395996
0.41778305172920227
1.1381287574768066
1.196898341178894
1.2704249620437622
0.8920007348060608
1.269547700881958
1.2445545196533203
0.9061298370361328
0.711605966091156
1.1939985752105713
1.37850821018219
1.32084059715271
1.4440879821777344
1.3886141777038574
1.1160155534744263
1.413284182548523
1.2149481773376465
1.0035523176193237
1.2329946756362915
1.1932518482208252
1.1705368757247925
1.2677274942398071
1.4026843309402466
0.9259587526321411
0.5185080170631409
0.5312500596046448
1.4334474802017212
0.8999499082565308
0.9956822991371155
1.1880357265472412
0.9209322929382324
0.6066944599151611
0.9139195680618286
0.9473025798797607
0.9420885443687439
0.4885752499103546
0.5005561709403992
1.1397509574890137
1.4993680715560913
1.0186593532562256
1.0593606233596802
0.9161898493766785
1.3866153955459595
0.9418590664863586
1.201148271560669
0.453930139541626
1.311202049255371
1.089074969291687
0.18364129960536957
0.9746649861335754
0.8400059938430786
1.2364574670791626
1.371791124343872
1.3014456033706665
1.2184282541275024
0.7265782952308655
1.200214147567749
1.1212756633758545
1.4322103261947632
0.9650436043739319
1.019372582435608
0.7537418603897095
0.6927623152732849
0.6961556673049927
0.945039689540863
0.5932673811912537
1.388261079788208
1.1858586072921753
0.8996074795722961
1.1047319173812866
1.047370195388794
1.056159257888794
0.42535415291786194
1.2895798683166504
1.3729687929153442
1.2579309940338135
1.0574485063552856
1.1498818397521973
0.7591559290885925
0.891241192817688
1.2137187719345093
1.4549939632415771
0.9441648125648499
0.9488425254821777
0.8764060139656067
0.8174826502799988
0.6455175280570984
1.3600529432296753
0.8499908447265625
1.2743899822235107
0.8111122250556946
1.1953370571136475
1.377580165863037
1.097377896308899
0.9941756129264832
1.3065358400344849
1.3858007192611694
0.9978141188621521
0.8522229194641113
1.085506796836853
0.8245244026184082
1.4204822778701782
1.371332049369812
1.2421236038208008
1.1353180408477783
0.7278130650520325
1.3164706230163574
0.6426354050636292
0.768928050994873
1.4809505939483643
1.3703551292419434
0.5840321183204651
0.8363752961158752
0.423007071018219
0.8606868982315063
0.6402339935302734
1.366916298866272
0.9942860007286072
1.1302363872528076
1.0642668008804321
0.668707013130188
0.7251918911933899
1.4979993104934692
0.6799036264419556
1.112483263015747
1.2262660264968872
1.1411564350128174
1.25065016746521
0.6818400025367737
0.770357608795166
1.2137781381607056
1.1168484687805176
0.7052631974220276
1.1430360078811646
0.6948387622833252
0.7968609929084778
1.1453347206115723
1.1911848783493042
0.9976800680160522
1.4172993898391724
0.9636300802230835
0.5359267592430115
1.2172589302062988
1.4674830436706543
0.6338434815406799
1.0610092878341675
1.23860502243042
0.7526677846908569
1.1080942153930664
0.07117711752653122
0.7171066403388977
1.483396291732788
1.282655119895935
1.4012001752853394
0.9411165118217468
0.93888920545578
0.5475518107414246
0.7799593210220337
0.814744770526886
1.1742961406707764
0.9267776012420654
0.9481226801872253
1.2076563835144043
1.0270988941192627
0.6948913335800171
1.4322324991226196
0.9119355082511902
1.2958519458770752
1.4494352340698242
0.568832278251648
1.395464301109314
1.214012861251831
0.7140974402427673
1.0060782432556152
0.7229729294776917
0.5894396305084229
0.9046298265457153
1.3966161012649536
0.5274645090103149
1.3479416370391846
1.4575949907302856
1.36182701587677
1.0092599391937256
1.2350670099258423
0.6873214840888977
0.872114360332489
1.006382942199707
1.3965684175491333
0.7390866875648499
1.4677814245224
1.3370516300201416
0.2691122591495514
1.2598642110824585
0.8924631476402283
0.4051520526409149
1.350256323814392
1.290457010269165
1.1928704977035522
0.8513577580451965
0.9216622710227966
0.32979506254196167
1.4412529468536377
0.8955271244049072
0.6839268207550049
0.935163140296936
1.3797770738601685
1.422332525253296
1.4884617328643799
1.3744525909423828
1.2200208902359009
0.9770848751068115
0.7690982818603516
1.3214536905288696
1.1224241256713867
1.2036137580871582
0.37178248167037964
1.40149986743927
0.785014271736145
0.8408182859420776
1.247208833694458
1.1010384559631348
1.4047843217849731
0.9267092347145081
0.7056347131729126
1.4700171947479248
1.1805858612060547
1.0385565757751465
1.048877239227295
0.6004414558410645
1.498871088027954
1.199383020401001
1.2631345987319946
1.478142261505127
1.2456523180007935
1.4661277532577515
0.8932579755783081
1.3951174020767212
1.3137540817260742
0.6154764890670776
0.808085560798645
0.831477701663971
1.4776654243469238
0.9060013890266418
1.3021670579910278
1.0888010263442993
0.5057908296585083
0.3398491442203522
1.292381763458252
0.5328862071037292
0.7700850963592529
0.320429265499115
1.1256213188171387
0.4293023645877838
0.969407856464386
0.50583416223526
1.4569823741912842
1.1593260765075684
0.9510247707366943
0.9754528403282166
1.093641757965088
0.35764971375465393
0.49061763286590576
1.172270655632019
1.1973092555999756
1.3258707523345947
0.6052161455154419
1.468404769897461
1.4950449466705322
1.4341779947280884
1.378477692604065
0.8617768287658691
1.3508508205413818
1.4360707998275757
0.811866819858551
0.7247127890586853
0.6189043521881104
1.1013565063476562
1.2313404083251953
0.521605908870697
1.2365236282348633
0.787106990814209
0.6401445269584656
0.5471019744873047
1.203412652015686
1.1810437440872192
1.0761338472366333
0.42687180638313293
1.1061856746673584
1.129557728767395
1.3542835712432861
0.6687115430831909
0.5991979241371155
1.3091918230056763
1.2502267360687256
1.2302736043930054
1.088384985923767
0.9206498265266418
1.1225028038024902
0.9558969736099243
1.1832195520401
1.1271018981933594
1.3711884021759033
1.269323468208313
1.339381456375122
0.5497779846191406
0.4646338224411011
0.9620082974433899
0.7431774735450745
0.639793336391449
0.954220712184906
1.2105019092559814
1.29063081741333
1.0668184757232666
0.9491636753082275
0.9503207206726074
1.3996959924697876
1.140803575515747
1.1578723192214966
1.4421852827072144
0.8505371809005737
1.1070098876953125
1.4576271772384644
0.7205851078033447
0.8917286396026611
1.4943586587905884
0.386477530002594
1.4276880025863647
1.3404080867767334
0.8472435474395752
0.8480082154273987
1.0298967361450195
1.2321926355361938
1.4249050617218018
1.2874869108200073
1.122908115386963
1.4341188669204712
0.9800228476524353
1.070334553718567
1.1314373016357422
1.200498104095459
0.6699405908584595
0.8422593474388123
1.0318812131881714
1.3457024097442627
1.2390366792678833
1.1277894973754883
0.7552897930145264
1.3493098020553589
1.436768889427185
0.8806470632553101
0.9181250333786011
1.1981319189071655
0.9850404858589172
0.3378422260284424
0.7646961212158203
1.20950186252594
1.1390528678894043
0.8256030678749084
0.8365972638130188
1.2799861431121826
1.3917813301086426
1.066516399383545
0.8380134701728821
1.4881196022033691
0.805927574634552
0.35419777035713196
1.307375431060791
1.2422120571136475
0.565318763256073
0.8471377491950989
1.4804439544677734
0.5227513909339905
0.977180540561676
1.317893385887146
0.8881610035896301
0.5221548080444336
0.9454748034477234
1.4879335165023804
0.8929056525230408
1.0882391929626465
1.2677245140075684
0.8625483512878418
1.1997686624526978
0.9646763205528259
1.00747811794281
1.3559610843658447
1.0444092750549316
0.8422584533691406
0.9775148630142212
1.385972261428833
0.6731863021850586
0.7781515121459961
0.5062183141708374
0.9038909077644348
0.9708406925201416
1.1596060991287231
1.0707343816757202
0.9130808711051941
0.6044702529907227
1.330804705619812
1.0786999464035034
0.6236534118652344
0.8734380602836609
1.0695773363113403
0.7111358642578125
1.4244167804718018
1.1531075239181519
1.3402689695358276
0.8090965747833252
1.4285435676574707
0.8680480718612671
1.4515550136566162
0.8600938320159912
0.6105797290802002
0.799674928188324
1.0215513706207275
1.0413318872451782
1.4043264389038086
1.2826628684997559
1.4420688152313232
1.0859507322311401
0.6554698348045349
0.9423465132713318
1.4989902973175049
0.4163850247859955
1.0811458826065063
0.661678671836853
1.1813819408416748
1.2394969463348389
1.2396056652069092
0.812621533870697
0.2813018262386322
0.8437047004699707
0.7468947172164917
1.0662157535552979
1.260221242904663
0.7373936772346497
0.6913978457450867
0.9854025840759277
0.9896149039268494
1.2967170476913452
0.9148446917533875
0.7943311333656311
0.9263412952423096
1.140177607536316
0.4376749098300934
0.8572001457214355
0.4620186388492584
1.2810344696044922
1.018709659576416
1.4074491262435913
1.0442873239517212
0.6955030560493469
1.0746599435806274
0.8671622276306152
0.4106999635696411
1.0519380569458008
1.1424185037612915
0.49125126004219055
1.4994518756866455
0.35185739398002625
1.2689509391784668
0.734912097454071
0.9398464560508728
0.6092936992645264
1.4090590476989746
1.4179229736328125
1.3760627508163452
0.7075974941253662
1.3796049356460571
0.7579352855682373
0.8127065896987915
1.377519965171814
0.9161771535873413
0.9169674515724182
0.7802860140800476
1.3622734546661377
0.8276480436325073
1.2144794464111328
0.6858457922935486
1.321549654006958
1.3881642818450928
0.4844890236854553
1.1730722188949585
0.6013086438179016
0.7520096302032471
1.2159281969070435
1.1495487689971924
0.9387603998184204
1.0416468381881714
1.3214654922485352
0.3463509976863861
1.2153091430664062
1.3222006559371948
0.9866411685943604
1.3708769083023071
0.8423795700073242
0.7258034944534302
0.46234601736068726
0.8001760840415955
0.5735012292861938
0.21193359792232513
0.8153696656227112
1.1634657382965088
1.0065803527832031
0.8945813179016113
1.2005573511123657
1.4903994798660278
0.7712336182594299
1.204990267753601
1.397933006286621
1.2707958221435547
0.8201626539230347
1.003757357597351
1.3787585496902466
1.3408340215682983
1.1071611642837524
0.7348709106445312
0.8790426850318909
1.1722760200500488
1.0220794677734375
1.2386200428009033
1.0272845029830933
1.4210764169692993
1.2345072031021118
1.4519485235214233
0.6047860980033875
0.6542371511459351
0.6228991150856018
1.2547698020935059
1.0262364149093628
1.4672566652297974
0.8276146650314331
1.108127474784851
0.7823026776313782
0.8323603272438049
1.4963734149932861
1.161716341972351
0.2971195876598358
1.1133639812469482
0.499444842338562
1.1377427577972412
0.5788385272026062
1.0173457860946655
1.3264727592468262
0.23719553649425507
0.8663657307624817
1.1716833114624023
0.9365730881690979
1.0863486528396606
1.1906923055648804
0.9019545316696167
0.39347103238105774
0.5514857172966003
0.5436758995056152
1.0690137147903442
1.1990162134170532
0.6416668891906738
0.33022335171699524
1.191209316253662
1.4925963878631592
0.9668859839439392
1.0828831195831299
0.909038782119751
0.9563087224960327
0.7766211032867432
1.336416244506836
1.2735799551010132
1.0873321294784546
0.40693700313568115
1.2532137632369995
1.3314969539642334
1.1319279670715332
0.47155624628067017
1.0075013637542725
0.5015438795089722
1.1377880573272705
1.025800108909607
1.2175796031951904
0.8178844451904297
1.2299368381500244
0.9878625869750977
0.6489977836608887
1.0460718870162964
1.3187401294708252
1.18977689743042
1.4555079936981201
0.5503018498420715
0.8365373015403748
0.9786145687103271
0.8920127749443054
1.40238618850708
0.9615864753723145
0.8562202453613281
1.3139246702194214
1.341208577156067
1.138414740562439
0.3253699243068695
0.29189956188201904
1.3572461605072021
1.0953752994537354
0.9740384221076965
1.4720674753189087
1.3955271244049072
1.1608855724334717
1.3147122859954834
0.7231147885322571
0.8127508759498596
0.35420340299606323
1.1421072483062744
1.0260210037231445
0.37590527534484863
0.2014138400554657
0.6382419466972351
1.062589168548584
0.8991525173187256
1.3931725025177002
1.4430495500564575
1.1482042074203491
1.41256582736969
1.436701774597168
0.6661008596420288
1.1998438835144043
1.1915600299835205
1.2576712369918823
1.0407387018203735
1.1059738397598267
1.411380648612976
0.942532479763031
0.69351726770401
1.0878089666366577
1.128198504447937
1.3203624486923218
0.9364115595817566
1.17081618309021
0.944988489151001
0.9102548956871033
1.0741393566131592
0.810461163520813
1.1590040922164917
0.9838100075721741
1.2578867673873901
1.4371740818023682
1.2276928424835205
0.7652637958526611
1.0830460786819458
1.2386753559112549
0.18366453051567078
1.2734342813491821
0.9638880491256714
0.5952212810516357
1.3835442066192627
0.9965659976005554
0.8765990734100342
0.8393402695655823
1.0669010877609253
1.3026437759399414
1.2917213439941406
0.759720504283905
1.2679299116134644
1.3368077278137207
0.6718982458114624
0.695088267326355
1.2064025402069092
1.2284436225891113
1.0431830883026123
0.5293058753013611
1.0244513750076294
0.2808558940887451
1.2036556005477905
0.9137470722198486
0.7739275097846985
0.8936327695846558
1.3502802848815918
1.190848708152771
1.1614102125167847
1.2875763177871704
1.3673315048217773
1.3193244934082031
0.582466185092926
0.9098765254020691
0.8428884744644165
0.9365736842155457
1.2367490530014038
0.34571167826652527
0.8657472729682922
1.1084460020065308
1.4802290201187134
0.46770116686820984
0.9424806833267212
1.4895553588867188
0.39608725905418396
0.7058945894241333
0.6686812043190002
1.461519718170166
0.8098194599151611
0.7671226859092712
1.116045594215393
0.5832862854003906
1.430534839630127
1.502600073814392
1.4171448945999146
1.2205101251602173
1.0113062858581543
0.9329057931900024
1.2202695608139038
1.319108486175537
0.9486556649208069
0.5108747482299805
1.0834652185440063
0.6083329319953918
1.0946637392044067
1.1156729459762573
1.1687091588974
0.7496013641357422
0.7113128900527954
0.7347877621650696
1.3387470245361328
0.8497026562690735
0.7513930797576904
1.0541962385177612
0.9422808289527893
0.7449950575828552
0.9080666303634644
0.547744870185852
0.832947313785553
0.4559505879878998
0.4562866985797882
1.430707335472107
0.8847651481628418
0.9108311533927917
0.7893227338790894
0.9452283978462219
0.5635465383529663
0.8740599751472473
1.3635174036026
0.7925102710723877
0.5719678401947021
0.9626740217208862
0.7123345136642456
1.4050266742706299
0.6593417525291443
1.2147687673568726
1.173941731452942
0.4138474464416504
1.3157812356948853
0.8466466069221497
0.68675297498703
1.4263653755187988
0.8563935160636902
1.2357515096664429
0.917956531047821
1.1183509826660156
0.7408026456832886
1.5006791353225708
1.3982408046722412
1.0193336009979248
0.9989879727363586
1.2702395915985107
1.3709328174591064
0.35795560479164124
0.7608245611190796
1.1234753131866455
0.7861428260803223
1.1280627250671387
0.8284841775894165
0.31071048974990845
0.7012381553649902
0.42459186911582947
1.4351227283477783
0.9160400629043579
0.944493293762207
0.8256000280380249
1.2671581506729126
0.40923941135406494
1.2099196910858154
1.2965086698532104
0.5885009765625
1.344361662864685
0.9997615218162537
0.6826027035713196
0.5466988682746887
1.4479387998580933
0.6356111764907837
0.9725131392478943
0.7225961089134216
0.4990456700325012
1.1247440576553345
1.1179155111312866
1.2058359384536743
1.229109287261963
0.9217367768287659
0.7203461527824402
1.281408429145813
0.8128553628921509
0.6517535448074341
0.8810961246490479
1.0468374490737915
1.3443585634231567
1.3513840436935425
1.3744021654129028
0.9365867972373962
1.3325417041778564
1.4055768251419067
0.49162986874580383
1.2547568082809448
0.4334529638290405
0.7925148606300354
0.7712984681129456
1.4218441247940063
0.8522286415100098
0.6311649084091187
1.4392399787902832
1.1459239721298218
0.7489141225814819
1.1763348579406738
1.217376947402954
1.2943228483200073
0.8833232522010803
0.8426046371459961
1.085795521736145
1.4434762001037598
1.4728742837905884
1.0242003202438354
1.4312838315963745
1.2234469652175903
1.320827841758728
0.6452794671058655
0.9949952960014343
0.7912418842315674
1.0848512649536133
1.0962326526641846
0.5567357540130615
1.0389348268508911
0.9564177989959717
0.6568938493728638
0.8441406488418579
1.4339500665664673
1.106895923614502
0.8270366787910461
1.1319772005081177
0.8746778964996338
1.2453835010528564
1.1351839303970337
0.9345546960830688
1.2115000486373901
0.9712709784507751
1.3979774713516235
1.032910704612732
1.0677309036254883
1.5014714002609253
0.471666544675827
1.4421137571334839
0.3885613977909088
1.3912445306777954
1.1434595584869385
1.293561577796936
0.7069302797317505
0.8632075190544128
1.4640170335769653
0.6842604279518127
1.1402804851531982
0.5523186326026917
1.4012765884399414
0.7148598432540894
0.7524895071983337
1.151388168334961
1.3888238668441772
1.2718931436538696
0.4979095757007599
1.2643508911132812
1.351794719696045
0.9966586232185364
0.8946285843849182
0.8255727887153625
0.489245742559433
1.3061293363571167
1.086022973060608
0.902631402015686
0.6405091285705566
1.2021433115005493
0.9793667197227478
0.9404546022415161
0.7117233872413635
0.46803829073905945
1.3077709674835205
1.4221887588500977
0.9472349286079407
0.33386072516441345
0.9569231867790222
0.8195692300796509
0.7457981109619141
1.166666865348816
0.944552481174469
1.2147258520126343
1.2238152027130127
1.0637626647949219
0.45726123452186584
0.6541654467582703
0.6198771595954895
0.9306377172470093
0.48793983459472656
1.2086974382400513
0.8806238770484924
1.066284418106079
1.165082573890686
1.2018197774887085
0.8814700245857239
0.7839226126670837
1.3482192754745483
1.0847125053405762
1.1063380241394043
0.630584180355072
1.331229567527771
1.161889672279358
0.6162680387496948
1.2823312282562256
1.45256769657135
0.9622970223426819
0.9531008005142212
1.2659733295440674
0.6939809918403625
0.603240966796875
0.5728198885917664
0.9485863447189331
1.240872859954834
0.76311194896698
1.4825724363327026
1.3688489198684692
0.7528212666511536
0.9896479845046997
1.4484813213348389
1.1293177604675293
1.157660961151123
0.5255385041236877
1.3821035623550415
0.9224525690078735
1.0310990810394287
0.7194403409957886
0.612005352973938
1.2221238613128662
0.8436132669448853
1.4202083349227905
1.302893042564392
0.7112921476364136
1.4780160188674927
1.1394139528274536
0.6878745555877686
1.42471444606781
1.3575429916381836
1.3076319694519043
1.4967480897903442
1.263610601425171
1.4722967147827148
1.4118751287460327
1.0138036012649536
1.3708055019378662
1.1274596452713013
0.668508768081665
0.9018223285675049
0.905607283115387
1.0020233392715454
0.6809054017066956
0.5865147709846497
0.8719345331192017
0.7507458925247192
0.639751672744751
1.114922285079956
0.39566150307655334
0.937912106513977
0.7886549830436707
0.8072782158851624
0.8169955015182495
1.2523216009140015
1.077392816543579
0.641577422618866
0.737993597984314
0.5904819369316101
0.6636908054351807
1.2944141626358032
1.113454818725586
1.2923626899719238
0.5326991081237793
0.3415600657463074
0.3686220645904541
1.2816860675811768
1.0491490364074707
1.2315075397491455
1.2107075452804565
1.14752197265625
1.2625287771224976
1.0308400392532349
1.290666103363037
0.5704987049102783
1.2304049730300903
1.2340024709701538
0.9570338129997253
0.7328057885169983
0.33848220109939575
0.9055138826370239
0.7410458922386169
1.277625560760498
0.6360787153244019
0.6357559561729431
0.9850109219551086
0.5222339630126953
0.7070194482803345
1.4942337274551392
0.8241221308708191
0.7547553181648254
1.4742791652679443
0.7150664329528809
1.0126373767852783
1.2096598148345947
0.7256011366844177
1.028749942779541
1.0227031707763672
0.9383455514907837
0.8007323741912842
1.205301284790039
0.5752561092376709
1.4036214351654053
1.302838683128357
1.4894593954086304
0.40309402346611023
1.147513508796692
0.538918137550354
1.0332894325256348
0.46600934863090515
1.0309102535247803
1.4195871353149414
0.2811867296695709
0.9238831400871277
0.28759562969207764
0.28236010670661926
0.6579048037528992
0.6394470930099487
1.4893748760223389
1.1340093612670898
1.070826530456543
0.7000378370285034
0.68757563829422
1.0861659049987793
0.5407936573028564
0.8279048800468445
1.1058498620986938
1.0631115436553955
1.2811651229858398
0.6877637505531311
0.9081891775131226
0.6343014240264893
1.1098086833953857
0.6881176233291626
0.7759767174720764
1.502382516860962
1.2692254781723022
1.1874048709869385
1.010278582572937
1.111189842224121
1.463262677192688
1.0475175380706787
0.9838045835494995
0.9765767455101013
1.2004917860031128
0.8152104616165161
0.516167163848877
1.2925142049789429
0.95440673828125
1.438137412071228
1.20437753200531
1.4414044618606567
0.3766496181488037
1.3571783304214478
0.27307409048080444
1.032056212425232
0.7289470434188843
0.37747567892074585
1.0936367511749268
0.6745913028717041
0.7852659225463867
1.4120537042617798
0.5794401168823242
0.7135193347930908
1.29034423828125
0.4806516468524933
0.9915364384651184
0.5247334241867065
0.8279913067817688
1.395382285118103
1.3804441690444946
0.8285838961601257
1.3844174146652222
0.7336439490318298
1.345679521560669
1.028663992881775
0.9710829854011536
0.6819712519645691
0.9441142678260803
1.044511079788208
0.9913274645805359
0.9789823293685913
0.9355376362800598
1.152559518814087
1.3277069330215454
0.9804791808128357
0.6320905685424805
0.7288241982460022
0.8419588804244995
0.5628904104232788
1.0076065063476562
1.3076961040496826
0.5234056115150452
1.3852014541625977
0.4972330629825592
0.9870213866233826
1.0528461933135986
0.6874442100524902
0.28196588158607483
0.7860897183418274
0.798595666885376
1.1705636978149414
0.9602228403091431
0.1805446892976761
0.7604675889015198
1.2714916467666626
0.5771430134773254
1.1571357250213623
0.9020230174064636
0.4833572506904602
0.7881572246551514
1.501069188117981
1.0181403160095215
1.4596576690673828
1.0685559511184692
1.1057180166244507
0.7746462225914001
1.2973688840866089
1.456096887588501
1.4643583297729492
1.099664568901062
0.6412266492843628
1.4058952331542969
0.6923843622207642
0.434291273355484
1.1852165460586548
1.3084449768066406
0.8027058243751526
0.6952843070030212
0.5785827040672302
1.0543525218963623
1.4149545431137085
1.0863076448440552
1.4363923072814941
0.5692881345748901
0.9405709505081177
1.0041272640228271
1.217087745666504
1.4835572242736816
0.5851652026176453
0.728029727935791
0.5896955132484436
0.9227404594421387
1.3955069780349731
1.0195881128311157
0.847295343875885
0.6922229528427124
1.100715160369873
1.1472575664520264
0.5224514007568359
1.0030828714370728
0.9308391213417053
1.0861055850982666
0.898560643196106
1.323492169380188
0.8272722959518433
0.8345162868499756
1.4209420680999756
1.4586901664733887
1.3152459859848022
0.6248033046722412
1.3684872388839722
1.438449501991272
1.437760829925537
1.2124193906784058
0.49504220485687256
1.151595115661621
0.7682544589042664
1.4449063539505005
0.9755794405937195
1.4112684726715088
0.5662570595741272
1.3619314432144165
1.1437000036239624
1.0189225673675537
1.446202039718628
1.2832280397415161
1.0348910093307495
0.8557002544403076
1.1539431810379028
1.047966718673706
1.0719079971313477
1.2362425327301025
1.4747532606124878
0.29857271909713745
1.2589560747146606
1.4475932121276855
1.4836058616638184
0.657162070274353
0.8263181447982788
1.1011576652526855
0.6592614650726318
1.4655836820602417
1.3934260606765747
0.961991548538208
0.7383620142936707
1.1061608791351318
0.3983881175518036
1.080748200416565
1.223611831665039
0.9830985069274902
1.1539796590805054
0.41631484031677246
1.3515126705169678
0.5521769523620605
0.510895311832428
1.4044630527496338
1.2603168487548828
0.9318262934684753
0.951383650302887
1.1703801155090332
1.1944161653518677
0.8703270554542542
0.5642638206481934
0.26427575945854187
1.1110745668411255
1.3372588157653809
1.0359814167022705
0.3112604022026062
1.0088690519332886
1.3842604160308838
1.4212284088134766
1.377887487411499
0.6673743724822998
1.1829619407653809
1.186816930770874
0.5079033970832825
0.8867915868759155
0.8564268946647644
1.324354887008667
0.8187817931175232
0.9382452964782715
1.0573768615722656
1.4298044443130493
0.7493875026702881
0.901720404624939
1.176863193511963
1.4647740125656128
0.9540833234786987
1.232943058013916
0.9787889122962952
1.2193496227264404
1.2617605924606323
1.303563117980957
1.2714521884918213
0.8294511437416077
1.0661695003509521
1.2384482622146606
1.136309266090393
0.4454716145992279
1.107387900352478
1.16216242313385
1.028761386871338
0.9939363598823547
0.9303784966468811
1.0951087474822998
1.1711081266403198
0.9721052050590515
1.1538623571395874
1.5000206232070923
0.9859796166419983
0.6333783268928528
1.0977610349655151
0.678637683391571
0.9408390522003174
1.1065423488616943
0.7251927256584167
1.2681081295013428
0.960080087184906
1.3942430019378662
0.8692170977592468
1.0746588706970215
1.19475257396698
0.8101589679718018
0.9616628885269165
1.2774661779403687
0.6698171496391296
0.7786885499954224
0.5186731219291687
1.476997971534729
1.2167646884918213
0.846216082572937
1.2973700761795044
0.8460312485694885
0.5880370140075684
1.4372625350952148
1.1234873533248901
0.4094449579715729
0.6609002351760864
0.6544845700263977
0.9391710162162781
1.3149950504302979
0.8008257746696472
1.2825156450271606
0.653817892074585
1.1068490743637085
0.9899120330810547
0.6879824995994568
1.0868407487869263
0.9817999601364136
1.2442799806594849
0.8752618432044983
1.2956265211105347
1.3613826036453247
1.4908545017242432
1.4335286617279053
1.4484562873840332
1.3287642002105713
1.2887564897537231
0.5388544201850891
1.3162078857421875
1.2986235618591309
1.4065519571304321
1.0764490365982056
0.9555299282073975
0.7490724921226501
1.499193549156189
1.2832614183425903
1.275544285774231
0.8804522752761841
0.7283372282981873
1.0178791284561157
1.312941074371338
1.3025542497634888
1.0902729034423828
0.9854907989501953
1.4618583917617798
0.9342694282531738
0.7813296914100647
0.4801569879055023
0.2527179419994354
1.1202934980392456
1.4072551727294922
1.306220531463623
1.1235355138778687
1.0673857927322388
1.2678947448730469
0.7386795878410339
0.6138238906860352
1.1995899677276611
0.8838487267494202
0.24831536412239075
0.8209817409515381
0.5090253949165344
0.7260528206825256
0.9104717373847961
0.4537580907344818
1.3634757995605469
1.3179305791854858
0.7473554611206055
1.3946284055709839
1.435062050819397
1.400161623954773
1.4876071214675903
1.1924283504486084
0.6506052613258362
0.5194754004478455
1.3584445714950562
0.974785566329956
1.3913363218307495
0.8734002113342285
0.7585874199867249
1.078485369682312
1.3637059926986694
1.347153663635254
1.1784892082214355
0.9477133750915527
1.4481192827224731
1.4965554475784302
0.6188442707061768
1.3309375047683716
0.6962568759918213
1.4414348602294922
1.1941959857940674
1.0620496273040771
1.4034430980682373
1.2956264019012451
1.2021206617355347
1.01986825466156
0.7663318514823914
0.5670267939567566
0.7932085990905762
1.0929012298583984
1.2213462591171265
1.1072362661361694
0.8823729753494263
1.1867952346801758
1.0760602951049805
0.9241418242454529
0.9886064529418945
0.46999576687812805
0.966329038143158
1.263877272605896
1.4582021236419678
1.3584942817687988
0.8216486573219299
0.9578876495361328
0.9576550722122192
0.6850570440292358
1.1817809343338013
1.122253656387329
1.1888232231140137
0.7869150638580322
0.8556254506111145
0.5654683709144592
0.5564343333244324
0.837622344493866
1.0359922647476196
0.7067498564720154
1.1217060089111328
0.6843280792236328
0.8335748314857483
0.9155499339103699
1.1282553672790527
0.27179765701293945
1.0735903978347778
1.1473264694213867
0.22314800322055817
1.1953768730163574
1.0156686305999756
0.8542435169219971
1.0201009511947632
0.4430592656135559
0.9426863789558411
0.665989339351654
0.9556363821029663
0.9029709100723267
0.8587638735771179
1.1949111223220825
0.9368510842323303
1.3434760570526123
0.5986579060554504
0.9642773866653442
0.8145748376846313
1.2962759733200073
0.565627932548523
1.327172875404358
1.4418611526489258
0.7075085043907166
0.5262396931648254
1.0877013206481934
0.9817807674407959
0.9575361013412476
1.4666805267333984
0.9916183352470398
1.1711182594299316
1.4824573993682861
1.3152992725372314
0.8499576449394226
1.3727269172668457
0.9083055853843689
1.1012463569641113
0.4914019703865051
1.3795533180236816
0.5572217106819153
0.8849158883094788
0.5993775129318237
0.8610661029815674
0.9132963418960571
0.6117886900901794
1.022485613822937
1.309819221496582
1.0821336507797241
1.4659712314605713
1.3788601160049438
1.043927788734436
1.1771750450134277
0.7684274315834045
0.8121529221534729
1.1593055725097656
1.3508009910583496
0.9121832251548767
1.3412107229232788
0.5357929468154907
1.0088142156600952
1.2665300369262695
0.5949974060058594
0.8165464997291565
1.3486436605453491
0.5680210590362549
1.0931841135025024
1.0520765781402588
1.0083824396133423
0.9523773193359375
1.1314164400100708
0.8837540745735168
1.4149651527404785
0.8748214244842529
1.0358214378356934
1.408409595489502
1.4143502712249756
0.8958210349082947
1.4299958944320679
0.8571065068244934
1.1940866708755493
1.1235368251800537
0.7972931861877441
1.3342366218566895
0.9989146590232849
0.9285764098167419
0.2936738431453705
1.0074962377548218
0.5101282000541687
1.3462592363357544
1.25142502784729
0.47156140208244324
1.4787527322769165
1.116126298904419
1.0464673042297363
1.1775586605072021
0.6384292244911194
0.6286196112632751
0.7822832465171814
0.808079183101654
0.9135152101516724
0.982344388961792
0.4332457184791565
1.3555846214294434
0.902842104434967
1.3912763595581055
1.4592219591140747
1.265311360359192
0.780548095703125
1.3169302940368652
0.9148926734924316
0.8986436724662781
1.0772721767425537
1.1461817026138306
0.9157786965370178
0.8064377903938293
1.4898804426193237
1.497848629951477
0.9096903204917908
0.6928805708885193
0.8421702980995178
0.6852244734764099
0.5232176184654236
0.3869459629058838
1.211701512336731
1.417977213859558
0.5390210747718811
0.5518258810043335
1.471941351890564
0.80108243227005
1.1726582050323486
1.2544026374816895
1.0131423473358154
0.697431743144989
1.471108317375183
1.0034986734390259
1.2754555940628052
0.48414504528045654
1.4298912286758423
1.2071073055267334
0.8364385366439819
1.3853245973587036
0.6944392323493958
1.222527027130127
1.3249688148498535
1.2354578971862793
0.9817410707473755
1.1509828567504883
1.3059052228927612
0.47883015871047974
1.1568684577941895
1.3489693403244019
0.5152208209037781
0.8088400959968567
0.36183661222457886
1.1899840831756592
1.203574538230896
0.5366623401641846
1.1816807985305786
0.8091049194335938
1.3266189098358154
0.36703765392303467
1.444643497467041
0.8273566961288452
1.4494171142578125
1.3697305917739868
0.6128458380699158
1.1079777479171753
0.28158044815063477
0.6866289973258972
1.2625449895858765
1.3332810401916504
1.1630700826644897
1.2990204095840454
0.7504580616950989
1.3376449346542358
1.169075608253479
0.7913470268249512
0.7344855666160583
0.7289006114006042
0.9568313360214233
1.4724918603897095
0.8713510036468506
1.2269803285598755
0.42530763149261475
0.6392681002616882
0.6430599093437195
1.0165314674377441
1.346880316734314
1.1838253736495972
1.1679352521896362
1.0835821628570557
0.7102950215339661
0.9323558807373047
0.8783730864524841
0.8207310438156128
1.0106878280639648
1.3257356882095337
1.1356967687606812
0.2565293312072754
1.0954339504241943
0.9558297991752625
0.44264402985572815
1.3721541166305542
1.3763904571533203
0.8939020037651062
0.7568702101707458
0.9453272223472595
0.7988242506980896
0.7757003307342529
1.4111378192901611
1.4188607931137085
0.9281753897666931
1.4548065662384033
0.4441968500614166
1.4438488483428955
1.377547264099121
0.7157489657402039
1.3601170778274536
1.1126978397369385
1.1841974258422852
1.2000573873519897
1.245935082435608
0.5337415337562561
0.8268129825592041
0.2908309996128082
1.12838876247406
0.8775546550750732
0.7684338092803955
1.4761712551116943
1.2515755891799927
0.6843118667602539
0.830531895160675
1.3887603282928467
1.3518754243850708
1.3694844245910645
1.18747079372406
1.1537593603134155
1.3892520666122437
0.812274158000946
