0.4084101915359497
1.0952448844909668
1.10830557346344
1.2013975381851196
1.1219431161880493
0.9381533861160278
0.6098731160163879
1.0017057657241821
0.6884946823120117
0.4953790009021759
1.1703710556030273
0.556299090385437
0.8520447015762329
0.8752060532569885
1.0653525590896606
0.3521701991558075
0.2834393084049225
0.6505255103111267
0.8474080562591553
0.640281617641449
0.5302957892417908
0.8610473275184631
0.6767114400863647
0.7383107542991638
0.8972305655479431
0.8194149732589722
0.692497730255127
0.8022804856300354
0.7354814410209656
1.1803675889968872
1.1516159772872925
1.0422375202178955
0.2288987934589386
0.8877002596855164
0.20714320242404938
1.1085630655288696
0.6149861812591553
0.6112558841705322
0.860880970954895
0.9332433342933655
0.9926566481590271
1.0379263162612915
0.7171828746795654
1.0072567462921143
0.8701308965682983
1.0869150161743164
0.6708146333694458
0.42179223895072937
1.0076500177383423
0.7441596984863281
0.9542065262794495
1.0668352842330933
1.134255290031433
1.1157069206237793
1.0614666938781738
1.1865016222000122
0.9068303108215332
0.9559281468391418
0.2223650962114334
0.5113893151283264
0.790470540523529
0.8758749961853027
0.6730104088783264
0.9716732501983643
1.1768169403076172
0.8800308108329773
0.8448754549026489
0.6331221461296082
1.1112099885940552
0.5858801007270813
0.3326272666454315
0.3886771500110626
1.0257097482681274
0.9576388597488403
1.184307336807251
0.977830708026886
0.5710504055023193
0.5026683211326599
0.5211359262466431
0.8945857286453247
1.157789707183838
0.6480873823165894
0.8925492167472839
0.5313697457313538
0.669683575630188
1.029552936553955
0.6024354100227356
0.9384555816650391
1.0936470031738281
0.6761696934700012
1.0669265985488892
0.7122860550880432
0.9916253685951233
0.8821731805801392
0.8289273977279663
0.6813240647315979
1.1992979049682617
0.6703835725784302
0.9350166320800781
0.5683363080024719
1.1892963647842407
0.99483323097229
0.7744220495223999
0.5983859896659851
1.0837624073028564
0.7223781943321228
1.0702983140945435
0.8944006562232971
0.9884881377220154
1.063684344291687
0.3787749111652374
0.9822655320167542
0.7028989791870117
0.9508949518203735
0.7924891710281372
0.6953045129776001
0.8290730714797974
0.44906291365623474
1.1919968128204346
0.8034979701042175
1.02777898311615
0.7092772722244263
0.5800824761390686
1.167250633239746
1.131829857826233
0.425668865442276
1.0719208717346191
1.022354006767273
0.8408565521240234
0.8578253984451294
0.7737370133399963
0.8705359101295471
0.8534664511680603
1.102041244506836
0.7013338804244995
0.607711136341095
1.0650895833969116
0.8986907601356506
0.8655197620391846
0.9811820983886719
0.9352489709854126
0.1660686731338501
1.171294093132019
1.1911298036575317
0.899857223033905
0.5531664490699768
1.005784511566162
0.964222252368927
1.1465857028961182
1.096754789352417
1.1829787492752075
1.1543241739273071
0.9553986191749573
1.0528985261917114
0.9186379313468933
0.5457029938697815
1.0690373182296753
0.7589895725250244
0.751215934753418
0.6337906122207642
0.8561055660247803
1.118273138999939
0.776239812374115
0.907608687877655
0.8223872780799866
0.5130405426025391
0.990324079990387
1.149165391921997
0.48090294003486633
0.9879066348075867
1.1493685245513916
0.770606279373169
0.8230682611465454
0.9460212588310242
0.38628989458084106
0.3199085295200348
0.8718370795249939
1.070231318473816
0.9087281227111816
0.9948602914810181
0.8911135792732239
0.5506752133369446
0.8864498734474182
0.5010534524917603
0.5088127255439758
1.168558955192566
1.192636489868164
0.517871618270874
1.0183497667312622
0.5596086978912354
0.8872286081314087
0.806154727935791
0.6253660917282104
0.9686520099639893
1.195886492729187
1.0148881673812866
0.8825653195381165
0.5067200660705566
0.22296001017093658
0.8478466868400574
1.1445050239562988
1.013917326927185
0.5987855792045593
1.173556923866272
0.8984635472297668
0.8502613306045532
1.022526741027832
0.8638308644294739
1.0531909465789795
0.4487930238246918
1.1272650957107544
0.7655873894691467
0.24546188116073608
0.9256946444511414
1.1737068891525269
0.7716063261032104
1.1930062770843506
0.968096137046814
0.7025663256645203
0.4960118234157562
0.719228982925415
0.9762827157974243
1.164035677909851
0.5047052502632141
0.8422884345054626
0.9482466578483582
1.0275013446807861
1.043690800666809
0.38373002409935
1.181208848953247
0.7880487442016602
0.7329235076904297
1.1123297214508057
0.5754432082176208
0.6221356391906738
0.2911114990711212
0.9838658571243286
1.1312226057052612
1.050719976425171
0.6516415476799011
0.8088819980621338
0.9613767862319946
0.8630012273788452
1.0736981630325317
1.0249943733215332
1.091569185256958
1.0500539541244507
0.9438358545303345
0.2847870886325836
0.9446032643318176
0.9925914406776428
0.21326862275600433
0.5756471753120422
0.8775906562805176
1.1751701831817627
0.9239717125892639
0.9349225163459778
0.6880621910095215
0.4491790533065796
1.0916147232055664
0.3154197633266449
0.466410368680954
0.8810182213783264
0.8109651207923889
0.9111543297767639
1.0429822206497192
0.9932785630226135
0.9610707759857178
0.9343476295471191
1.0472602844238281
0.951578676700592
1.0184963941574097
1.1077617406845093
0.9006814956665039
0.9774823188781738
0.9646125435829163
1.1539642810821533
0.5731623768806458
1.1247212886810303
0.472332626581192
0.8461087346076965
0.45736777782440186
0.911170244216919
0.7191528081893921
1.1126313209533691
1.1746609210968018
1.0645217895507812
0.8853102922439575
0.6552780270576477
0.803087592124939
0.6698886156082153
0.5754517316818237
0.5589643716812134
1.0649889707565308
0.8929056525230408
0.6131871938705444
0.7292923927307129
0.6491999626159668
0.8900734782218933
1.0943763256072998
0.41389110684394836
0.9725490808486938
1.0312327146530151
0.20669682323932648
1.0188273191452026
1.0822334289550781
0.15952974557876587
0.6640850901603699
0.4009130597114563
0.5105992555618286
0.8843154311180115
0.5240471959114075
1.0277284383773804
1.056108832359314
0.5811778903007507
0.7878130674362183
1.1352472305297852
0.8407600522041321
0.8259753584861755
0.5790789127349854
0.2674156725406647
0.582088828086853
1.1387414932250977
0.6517123579978943
0.8819373846054077
1.017763376235962
1.0985616445541382
0.8326027393341064
1.112097978591919
1.1133333444595337
0.8105170130729675
0.954376757144928
1.1365047693252563
1.122740387916565
0.6195085048675537
1.0350730419158936
0.9870827794075012
0.2917455732822418
0.3500880300998688
1.1991549730300903
0.7859314680099487
0.7376254200935364
1.1492459774017334
0.3137154281139374
0.7307919263839722
0.8026459813117981
0.6128190159797668
1.037358045578003
0.9956023693084717
1.0443317890167236
0.3201591372489929
0.9711647629737854
0.5991211533546448
1.1105705499649048
0.9235076904296875
0.5022251605987549
0.8552655577659607
0.35138294100761414
0.8605996370315552
1.1785145998001099
1.1546696424484253
1.0529496669769287
0.5323486924171448
0.36030247807502747
0.7460963726043701
0.865765392780304
0.6706376075744629
0.8320559859275818
0.7987714409828186
0.5378169417381287
0.8770150542259216
0.256696492433548
1.1031458377838135
0.9919944405555725
0.7919698357582092
1.141897439956665
1.1698787212371826
0.7811027765274048
1.137098789215088
0.43281593918800354
1.02785062789917
0.9657423496246338
0.616290271282196
0.9366834759712219
0.7693522572517395
1.0385535955429077
0.9479051828384399
0.5269314646720886
0.9665527939796448
1.1591715812683105
1.0790125131607056
0.8019053339958191
0.8580021858215332
0.9364508390426636
1.1998480558395386
1.0707998275756836
1.1308835744857788
1.137265920639038
0.9067133069038391
0.8281934857368469
0.9257515668869019
0.9525471329689026
1.0927709341049194
1.1373618841171265
0.7714604735374451
1.1501449346542358
1.1059025526046753
1.0613921880722046
0.7592413425445557
0.22508612275123596
1.1647249460220337
0.9144306182861328
0.9934467673301697
1.0735653638839722
0.6283751130104065
0.6954296827316284
0.8171387314796448
1.0513752698898315
1.087123990058899
0.7502138018608093
0.44309061765670776
0.30920279026031494
1.1181296110153198
0.770096480846405
0.6839997172355652
0.9820836186408997
0.8700054883956909
1.1526539325714111
0.9587457776069641
0.4951252341270447
0.7165296673774719
0.6023947596549988
0.7051492929458618
0.7337327599525452
1.0934691429138184
0.9646826982498169
0.9760105013847351
0.946402907371521
0.9903461933135986
1.1126214265823364
0.861220121383667
0.7192643880844116
0.6179574728012085
1.1473358869552612
0.5791887640953064
0.771280825138092
1.0429880619049072
0.9735710620880127
0.5125735998153687
1.030306339263916
1.0148860216140747
0.47389668226242065
0.596359372138977
0.3763815462589264
1.1607487201690674
0.5404632091522217
0.4859728217124939
1.041141390800476
0.7782605290412903
0.7950865626335144
0.7990039587020874
0.8705158233642578
1.1624404191970825
0.7065385580062866
0.949351966381073
0.4650849401950836
1.0623624324798584
1.017240047454834
0.9078189134597778
1.1232733726501465
1.1956323385238647
0.5419373512268066
1.2002978324890137
0.7560008764266968
1.0469415187835693
0.8346667289733887
0.3932214677333832
1.1135519742965698
1.1584030389785767
0.9186735153198242
1.0197019577026367
0.8077661991119385
0.6691430807113647
0.8390191197395325
1.116386890411377
0.8717138767242432
1.1655906438827515
1.0888066291809082
0.9592335820198059
0.508683979511261
1.0927304029464722
0.6138545870780945
0.9710472822189331
1.090264081954956
1.106271743774414
0.7043371796607971
0.6316648125648499
0.9871326088905334
0.6383277177810669
0.8351710438728333
0.5393310189247131
1.0153145790100098
0.6187123656272888
0.9718511700630188
1.0303974151611328
0.49893587827682495
1.179078221321106
1.1044169664382935
0.8649574518203735
0.4735403060913086
1.1358659267425537
1.0983740091323853
0.6431683301925659
1.0055241584777832
1.1401326656341553
0.45086246728897095
0.9710776209831238
1.0806667804718018
0.6337103247642517
0.8503350019454956
0.5019838213920593
1.1959741115570068
0.5802528858184814
0.9951474070549011
1.086033582687378
1.0193475484848022
1.0376232862472534
1.1320679187774658
1.1983660459518433
1.1991157531738281
1.043548583984375
1.1814337968826294
0.6870723366737366
0.7664126753807068
0.6195632219314575
0.36821603775024414
0.4294564425945282
0.678329348564148
1.0451103448867798
0.31609076261520386
1.1991442441940308
1.1951422691345215
0.5703582167625427
1.1884621381759644
1.0291163921356201
0.6332171559333801
0.5463821291923523
0.6052237153053284
0.9353570342063904
1.1708937883377075
0.8927016854286194
0.9352417588233948
1.0326175689697266
0.7016794085502625
0.8472543954849243
0.6338075399398804
0.698395311832428
0.4421621859073639
1.192463755607605
1.1965484619140625
0.8465420007705688
0.8510438203811646
1.0480269193649292
0.9304607510566711
0.7458287477493286
0.35470902919769287
1.134461760520935
0.33013856410980225
0.7286840677261353
0.8410545587539673
1.1617357730865479
0.9818151593208313
1.1592881679534912
0.9583505392074585
1.0966607332229614
1.0443363189697266
1.0185133218765259
0.9142335653305054
1.0298705101013184
0.752050518989563
0.9792983531951904
0.7972728610038757
0.936585009098053
1.0955811738967896
0.6515722870826721
0.8661433458328247
0.9350663423538208
0.9708630442619324
0.49364331364631653
0.6390236020088196
0.8328676223754883
0.8779152035713196
1.0170924663543701
0.44042402505874634
0.599984884262085
0.45721009373664856
1.1280362606048584
0.9782891273498535
1.0902059078216553
0.7272470593452454
0.9543056488037109
0.44349169731140137
1.1251806020736694
0.676134467124939
1.0018388032913208
1.1501353979110718
1.1311920881271362
1.0386303663253784
0.6209045648574829
1.0506426095962524
1.0960477590560913
0.7996641993522644
1.1507604122161865
1.1910282373428345
0.9429985880851746
0.9641053080558777
0.8639266490936279
0.4891887605190277
0.4068458080291748
1.120465874671936
1.1378037929534912
0.8556894063949585
0.8018368482589722
0.43324699997901917
0.8949740529060364
0.9089475870132446
1.1689304113388062
1.0860815048217773
0.48446428775787354
1.0737392902374268
0.5394468307495117
0.9619751572608948
1.0837410688400269
1.1335731744766235
0.927302896976471
1.021856427192688
0.7226250171661377
0.9437612891197205
1.1960355043411255
0.9461715221405029
1.1773860454559326
0.9097928404808044
1.0998834371566772
0.7356414794921875
0.8260951638221741
0.8541945815086365
0.6711478233337402
1.0945543050765991
1.0531538724899292
1.0074635744094849
0.3943138122558594
1.1337653398513794
0.8663554191589355
1.1525566577911377
1.1325808763504028
1.0638773441314697
0.5950817465782166
1.1365994215011597
0.3557770252227783
0.7846443057060242
0.9948205351829529
0.9525770545005798
0.6770618557929993
1.130659580230713
1.050596833229065
0.6660889983177185
1.176947832107544
1.1527353525161743
1.0865533351898193
0.9383605122566223
0.9840478301048279
1.1809710264205933
1.0392194986343384
1.0471255779266357
0.5241039991378784
0.2647084891796112
0.7793046832084656
0.7921931743621826
1.0127649307250977
1.0247069597244263
1.0699560642242432
0.56014484167099
1.1195170879364014
1.020631194114685
0.790397584438324
0.19901184737682343
0.6034306287765503
1.1947367191314697
1.1932529211044312
0.3635185658931732
0.6757993698120117
1.134338140487671
0.7204175591468811
1.1317368745803833
1.1834498643875122
1.098971962928772
1.0224664211273193
0.41017910838127136
0.6907491087913513
1.0538400411605835
1.0251156091690063
0.39208897948265076
0.6832417845726013
0.5216749906539917
0.6527388691902161
1.1912533044815063
0.5963897705078125
1.0211248397827148
0.8994137048721313
0.7218170762062073
0.9887450337409973
0.8979724645614624
1.1332237720489502
0.5852299928665161
0.786703884601593
0.28679895401000977
0.9468939900398254
1.007359504699707
0.9489424824714661
1.0041288137435913
0.9125121831893921
1.1235560178756714
1.1980630159378052
1.072414517402649
0.5398357510566711
1.0345491170883179
0.8369835615158081
0.900947630405426
0.585494875907898
0.9489308595657349
0.7365189790725708
1.001901626586914
1.0996781587600708
0.672423243522644
1.0710375308990479
0.9427171349525452
0.8624867796897888
0.5783892273902893
0.8686649203300476
0.7290893197059631
0.9239006042480469
1.173501968383789
0.4614230692386627
1.004936933517456
0.813007652759552
0.93386310338974
1.1202222108840942
1.0120630264282227
0.6243292093276978
1.1508725881576538
0.44740933179855347
0.8055881261825562
0.7887969017028809
1.1676957607269287
0.9542710781097412
1.1068757772445679
0.8607171177864075
1.0601037740707397
0.8762708306312561
0.29520267248153687
0.5956248044967651
1.1399158239364624
1.0618648529052734
0.6308019161224365
0.7355038523674011
1.0684658288955688
0.9374405741691589
0.6939058899879456
1.201008677482605
1.0594805479049683
1.0921968221664429
0.67067551612854
0.9415750503540039
1.0915693044662476
0.8144422769546509
0.9806262850761414
0.9552361965179443
1.1102240085601807
1.0129120349884033
1.1742241382598877
0.18912523984909058
0.5683047771453857
0.666892409324646
1.1693497896194458
0.792908787727356
0.8746480941772461
0.9957071542739868
1.1638578176498413
1.1705148220062256
1.1013634204864502
0.9450266361236572
0.564035952091217
0.9754014015197754
1.09114670753479
0.788632869720459
0.25692230463027954
1.0608785152435303
0.9188957810401917
1.1195582151412964
0.6789286136627197
1.171330451965332
0.6221716403961182
0.857220470905304
0.8728112578392029
0.8904446959495544
0.9100492000579834
1.0306661128997803
0.9347612857818604
1.1997168064117432
0.9578250050544739
0.4907047748565674
1.0896574258804321
0.8275553584098816
1.196755290031433
1.0834107398986816
1.071791172027588
1.192735195159912
1.1706031560897827
0.7129452228546143
0.6738849878311157
0.40510210394859314
0.9631386399269104
0.3834652900695801
1.0570935010910034
1.1509311199188232
1.1589126586914062
1.0506595373153687
1.1261826753616333
1.1609619855880737
1.1438239812850952
0.47512704133987427
0.6141308546066284
0.8502311706542969
1.028051733970642
0.8358975052833557
0.9002557992935181
0.7441229820251465
1.125576138496399
0.956931471824646
1.0086133480072021
0.9456583261489868
0.834226667881012
0.3245907723903656
1.0102583169937134
0.8379757404327393
0.6465087532997131
0.5450231432914734
1.1562409400939941
0.4323454201221466
1.0576467514038086
0.8981456160545349
1.1161233186721802
0.3731105327606201
1.0062754154205322
0.5435634255409241
0.8761463165283203
1.0112828016281128
1.1161056756973267
1.1363182067871094
0.9379447102546692
1.1222800016403198
0.9832450151443481
1.0372527837753296
0.6140342354774475
0.5281557440757751
0.6123762130737305
1.117489218711853
0.9642980694770813
0.7623022198677063
0.7348394393920898
0.22789350152015686
0.749835193157196
1.0535563230514526
0.4719998240470886
1.1160942316055298
0.8493162393569946
0.3959709107875824
1.1591625213623047
0.8194238543510437
0.7098237872123718
0.4424867331981659
1.1373920440673828
0.6477949619293213
0.943490743637085
0.9661008715629578
1.0072365999221802
0.4172007739543915
0.6708621382713318
0.7345240116119385
0.9953566789627075
0.7231429815292358
0.9644424319267273
1.071150302886963
0.5153008103370667
1.0311826467514038
0.9070843458175659
0.9030683636665344
1.0929690599441528
1.130806565284729
0.83217853307724
0.7906583547592163
0.820295512676239
0.5788583755493164
0.6961386203765869
1.1553493738174438
0.8783983588218689
1.0666855573654175
1.000980257987976
0.6263823509216309
1.1931384801864624
1.1379865407943726
1.087531328201294
0.8695169687271118
1.029528021812439
0.4786548912525177
1.09456467628479
0.5497217774391174
0.6896456480026245
1.1243140697479248
1.0488743782043457
1.139479637145996
0.7350356578826904
0.6283349394798279
0.4582476019859314
1.0260581970214844
1.0388221740722656
1.181768536567688
0.768669843673706
0.7878158688545227
0.6738051176071167
1.055691123008728
0.8811436891555786
0.3253313899040222
0.9518706202507019
0.9058682918548584
0.6759657859802246
1.0759836435317993
1.0982158184051514
1.1085549592971802
0.45578932762145996
0.9361522197723389
0.9565585255622864
1.180151104927063
1.0918153524398804
0.9822741150856018
0.41915613412857056
1.1244746446609497
1.059841513633728
0.9206066727638245
1.1325923204421997
1.1121816635131836
1.202126383781433
0.9665173292160034
0.5556626915931702
1.1293494701385498
1.197629451751709
0.894287645816803
1.1631274223327637
0.8004791140556335
0.9392004609107971
0.9325248003005981
0.7328547835350037
1.0415899753570557
0.751608669757843
1.0711612701416016
1.1960703134536743
0.8478424549102783
0.8235746026039124
1.141321063041687
0.8732261657714844
0.7316955327987671
0.7157570123672485
0.9236382842063904
1.075692892074585
1.1536389589309692
0.8779044151306152
0.5981640815734863
1.0025269985198975
0.9224150776863098
0.9129592776298523
0.9151439070701599
0.7975835800170898
0.2970619797706604
0.6030389666557312
0.728505551815033
0.9422032833099365
0.6640374660491943
1.0444425344467163
1.0050654411315918
0.8206250667572021
1.113095998764038
1.1657060384750366
0.3641715943813324
0.8093427419662476
1.0155880451202393
0.7369641065597534
0.5644969344139099
0.96925288438797
0.30032292008399963
0.546589732170105
0.8877902626991272
0.7589867115020752
0.9669770002365112
1.0924135446548462
0.3742257356643677
1.0708463191986084
1.1908605098724365
0.8572329878807068
0.9657160639762878
0.9521239995956421
1.0235522985458374
1.1579186916351318
1.2016985416412354
0.7465571165084839
0.4987877905368805
0.5838558673858643
0.4377625584602356
0.3972508907318115
0.848638117313385
0.9770349860191345
0.9189935326576233
1.035024642944336
0.9565997123718262
0.7045038938522339
0.457672655582428
0.7525866031646729
1.0479629039764404
1.1610534191131592
0.9608477354049683
0.8969686627388
0.922839879989624
1.1653443574905396
0.5552461743354797
0.8226715326309204
0.8049145936965942
0.6285653114318848
0.7520862817764282
0.8652259707450867
1.2014236450195312
1.1666104793548584
0.3375752866268158
1.1505464315414429
0.8151972889900208
0.6514187455177307
0.9033501148223877
0.8806613683700562
1.0527783632278442
0.3962875008583069
1.1870769262313843
0.815112829208374
0.8399326205253601
1.0597290992736816
1.1440067291259766
1.2025763988494873
0.784083902835846
0.791122317314148
0.5721926689147949
0.9509256482124329
0.960212230682373
1.1478582620620728
0.9151675701141357
0.6284804344177246
0.26349949836730957
1.1676713228225708
0.7978823184967041
0.5644865036010742
0.46596023440361023
0.6968517303466797
1.1271781921386719
0.812953770160675
1.1196739673614502
1.0104628801345825
0.46470972895622253
1.1064378023147583
0.9237489700317383
1.0032570362091064
1.187404751777649
0.757240891456604
0.7382480502128601
1.0405281782150269
1.1508166790008545
0.6550112962722778
1.0405715703964233
0.9558003544807434
1.164022445678711
0.9610965251922607
1.06028151512146
0.09650108963251114
0.3999098837375641
0.7475281953811646
0.5758622288703918
0.9282328486442566
0.9872684478759766
0.8043577075004578
0.5070539712905884
1.193899393081665
1.153649091720581
0.7027690410614014
1.1643915176391602
1.1566060781478882
0.7024358510971069
0.4435470998287201
0.8021470308303833
0.6335985064506531
0.9939330816268921
1.0144469738006592
0.6538083553314209
0.6732717752456665
1.1163215637207031
0.6906933188438416
1.101745843887329
0.8036503791809082
0.8651324510574341
1.1920047998428345
0.228572279214859
0.7736024260520935
1.0511012077331543
0.8922291994094849
1.200821876525879
1.1968319416046143
0.442949503660202
1.0512561798095703
0.5514479279518127
0.2741464376449585
0.5975239276885986
0.8505486249923706
0.9934254884719849
0.9857880473136902
0.18973945081233978
0.5111196041107178
1.1662483215332031
1.112515926361084
1.1604588031768799
0.6410973072052002
1.0467661619186401
1.176725149154663
1.0901011228561401
1.0555610656738281
1.0724749565124512
0.5616154670715332
0.8793308138847351
0.8327133655548096
1.1605279445648193
1.0250568389892578
1.0223432779312134
0.462467759847641
1.1168540716171265
1.1836600303649902
0.9053313732147217
1.0324931144714355
0.9646143913269043
1.1177181005477905
1.0053894519805908
1.1864787340164185
1.1930477619171143
0.3417527675628662
0.2781244218349457
0.7039849162101746
1.1932090520858765
1.0913256406784058
1.0226835012435913
0.6183287501335144
1.0968286991119385
1.1014541387557983
0.8503910899162292
0.813757061958313
1.0798063278198242
0.7106794714927673
1.0558018684387207
0.7859192490577698
0.9283769726753235
0.8338686227798462
1.0076243877410889
0.9835327863693237
0.5789555907249451
0.5390321016311646
0.9331576824188232
1.0825237035751343
0.9195548295974731
0.8899872303009033
1.1895151138305664
1.120424509048462
0.8855851292610168
0.5048952102661133
1.158099889755249
0.995671272277832
0.6115393042564392
0.780745804309845
0.5386224985122681
0.2700555920600891
1.0886363983154297
1.1800731420516968
1.1699687242507935
0.5511987209320068
0.9776915311813354
1.1746426820755005
1.1287510395050049
1.053051471710205
0.9634629487991333
1.0682958364486694
0.8326987624168396
0.7882996201515198
0.8043453097343445
0.9296868443489075
0.9584897756576538
1.0960350036621094
0.6862843632698059
0.8846136331558228
0.7787997722625732
1.0602660179138184
0.40951594710350037
0.38459697365760803
0.8606215715408325
0.6049584150314331
1.0687520503997803
1.1085586547851562
0.8067218065261841
0.5142825245857239
0.7702240943908691
0.7584353685379028
1.1983509063720703
1.1162137985229492
0.7522467374801636
1.1364566087722778
1.026161789894104
0.9262987971305847
0.7451745271682739
0.621784508228302
1.0696163177490234
1.0530017614364624
0.4958314895629883
0.18689778447151184
0.9894939064979553
1.030642032623291
1.1959162950515747
0.9027867317199707
0.5572614073753357
1.0133343935012817
0.7295002341270447
0.45984116196632385
0.9336608648300171
0.7270213961601257
0.4211164116859436
0.9877378940582275
0.9634560942649841
1.0240472555160522
1.0824388265609741
1.0968416929244995
0.9626426100730896
0.19959266483783722
0.9070213437080383
0.9479024410247803
1.016334056854248
0.23875311017036438
1.0677945613861084
1.1330543756484985
0.8521096706390381
0.9758380055427551
1.1827878952026367
1.0332412719726562
1.1811634302139282
1.1691672801971436
0.9177411794662476
0.9396370649337769
0.9676151871681213
1.1232613325119019
1.056605339050293
1.1342865228652954
1.1026089191436768
1.112776279449463
0.628296434879303
1.070125937461853
1.1153233051300049
0.9264188408851624
0.878203272819519
0.4735543727874756
0.5164240002632141
0.8818830251693726
0.8785890340805054
1.0750434398651123
0.7368877530097961
1.0165436267852783
0.9780394434928894
0.8879296183586121
0.634760320186615
0.9212526679039001
0.8097802996635437
1.1815376281738281
0.9120732545852661
1.0532138347625732
0.689832329750061
1.173699975013733
0.800532877445221
1.0105140209197998
1.1289174556732178
0.6306969523429871
1.1526358127593994
1.0444655418395996
0.8564977049827576
1.1172397136688232
0.7463896870613098
0.7658014893531799
1.0682415962219238
1.0879855155944824
1.0411490201950073
0.8516741394996643
1.1383755207061768
0.8175528645515442
1.1067558526992798
1.0887398719787598
1.1755318641662598
0.9731599688529968
1.0706663131713867
0.9211152791976929
0.7011086344718933
1.0335054397583008
0.5839354395866394
0.6716588735580444
1.1187950372695923
0.5239450931549072
0.9868582487106323
0.8925107717514038
1.1745535135269165
0.16462241113185883
0.9479714632034302
0.9719025492668152
0.5147148966789246
1.1653096675872803
0.7766892910003662
0.6246051788330078
1.136832356452942
0.4920821487903595
0.2832038700580597
1.1315441131591797
1.076168179512024
0.30088186264038086
0.5494111776351929
1.0393624305725098
1.1587592363357544
1.0438297986984253
1.096157431602478
1.0229089260101318
0.7254965305328369
0.7958223819732666
0.43507251143455505
0.6834176182746887
0.39484283328056335
1.0280035734176636
1.159013271331787
0.38325342535972595
1.0980966091156006
1.044562816619873
1.0793817043304443
1.0178401470184326
1.1515475511550903
0.779769241809845
0.9352752566337585
0.6630918383598328
1.0770734548568726
1.1404194831848145
1.0058491230010986
1.189063549041748
0.8538617491722107
0.8619804978370667
0.8016237616539001
0.6433611512184143
0.36183199286460876
0.9665355086326599
0.8889111876487732
0.48123684525489807
1.1090565919876099
0.6643025875091553
0.5979040861129761
0.5607672929763794
0.9360359311103821
1.062803864479065
0.9790832996368408
0.9362666606903076
0.8312533497810364
1.1649714708328247
1.1053441762924194
1.132371425628662
1.185413122177124
0.7348201870918274
0.8630684018135071
0.690975546836853
0.7789745330810547
1.111066222190857
0.9692749381065369
1.1789312362670898
0.3831404745578766
0.9675250053405762
1.1809321641921997
0.7063068747520447
0.8901272416114807
0.6163508296012878
1.196986436843872
1.1656566858291626
0.7160580158233643
1.1862906217575073
1.0134855508804321
0.6862547993659973
0.9854938983917236
0.5640941858291626
0.8895748853683472
0.4614250063896179
0.6972960829734802
0.5184093713760376
0.8868938684463501
1.0961666107177734
0.9784733057022095
0.5725265741348267
0.9809524416923523
0.9073042273521423
0.5927532315254211
1.0549978017807007
0.7272194027900696
0.6669285893440247
0.9400396943092346
1.1972174644470215
1.1358699798583984
1.0612024068832397
1.023749828338623
0.7783766388893127
0.5844284296035767
1.1775633096694946
1.0220556259155273
0.670453667640686
0.9318997859954834
0.6609460711479187
0.07291100174188614
1.1710474491119385
1.1250150203704834
0.9637806415557861
0.919384241104126
0.9752708673477173
0.8166185617446899
1.1454073190689087
1.125752568244934
0.5884126424789429
0.7547958493232727
1.1974155902862549
0.6703650951385498
1.1482237577438354
0.39576244354248047
0.7419148087501526
1.1920875310897827
0.7815064191818237
1.1543024778366089
1.1386003494262695
1.1599042415618896
1.1003888845443726
0.42028239369392395
0.8381650447845459
1.1474930047988892
1.1934401988983154
1.137333869934082
0.3079088628292084
0.7453888654708862
0.931393027305603
1.1918494701385498
1.0891882181167603
0.7733043432235718
0.40787214040756226
0.17284420132637024
0.6658579111099243
0.47759997844696045
0.49178624153137207
0.8748573660850525
1.0198529958724976
1.0971381664276123
1.059739112854004
0.6929365992546082
1.154697299003601
1.005236268043518
0.7897111177444458
0.2827746868133545
0.21104241907596588
0.8635424971580505
0.9488517642021179
1.0498980283737183
0.33871161937713623
0.649731457233429
0.5817521810531616
0.643893837928772
0.7036567330360413
0.7416480183601379
0.8754776120185852
0.8366226553916931
1.0980838537216187
1.1611390113830566
0.49765992164611816
0.6782590746879578
0.8864020705223083
0.591834306716919
0.7830621600151062
0.693803071975708
1.1304868459701538
0.9260851740837097
1.196533441543579
0.9888685345649719
0.7414093613624573
0.8322685360908508
1.0909016132354736
0.5258123278617859
0.44900068640708923
0.8026692271232605
0.6763442158699036
1.0221754312515259
0.5268603563308716
0.6087686419487
1.0356698036193848
1.1638238430023193
0.31179624795913696
0.37443673610687256
1.1532344818115234
1.179852843284607
1.1340293884277344
0.9691644310951233
0.7463710904121399
0.7501498460769653
1.0524935722351074
1.078391671180725
0.8683751225471497
1.12410569190979
0.7068302631378174
0.547182559967041
0.591223955154419
1.075400710105896
0.6865478157997131
0.7934978008270264
0.5967740416526794
0.1815282702445984
1.1095292568206787
0.8335767984390259
1.1425371170043945
0.8565982580184937
0.6647717356681824
1.0452940464019775
0.5771379470825195
0.4114323854446411
0.6329402923583984
0.7329102158546448
0.9563450217247009
0.9037947654724121
1.1497321128845215
0.9111722111701965
0.46237021684646606
0.7393627166748047
0.8116719722747803
0.49335458874702454
0.8391095995903015
0.9819533228874207
0.7513845562934875
0.8768148422241211
1.1796761751174927
1.0341352224349976
0.6371332406997681
0.40836748480796814
0.5993511080741882
0.8447632789611816
1.0371081829071045
1.0975149869918823
0.9256770610809326
0.973812997341156
0.9227080941200256
1.1361337900161743
1.124135971069336
0.8430533409118652
0.8355467319488525
0.7883328199386597
0.9949334263801575
0.6116337180137634
1.1728042364120483
0.4167744517326355
0.7245672345161438
1.1721686124801636
0.6200588345527649
0.9995369911193848
1.1461751461029053
1.1499602794647217
0.7865964770317078
0.95528644323349
0.7379129528999329
1.1124502420425415
0.8890712261199951
1.0227943658828735
1.0966678857803345
0.4380396902561188
0.848463773727417
0.7016775608062744
0.7198743224143982
1.0147175788879395
0.3882128894329071
0.437216192483902
0.6025037169456482
1.0527302026748657
0.768867015838623
1.195528268814087
0.9449078440666199
1.1295104026794434
0.7368834614753723
0.9262067079544067
0.887913167476654
1.1802552938461304
0.7106642723083496
0.9340692162513733
0.7130913734436035
1.174782395362854
0.43381235003471375
1.12625253200531
0.999570369720459
0.840225100517273
1.036299228668213
0.7238604426383972
1.1622377634048462
0.9820235967636108
1.1354976892471313
1.1428269147872925
1.1404603719711304
0.5392072200775146
1.1212273836135864
1.0178916454315186
0.9064463973045349
1.0333484411239624
0.7879559397697449
1.0146337747573853
1.1265907287597656
0.6660909652709961
0.9356058835983276
0.6250767707824707
1.1204438209533691
0.9915409684181213
0.4968390166759491
0.9680473804473877
0.9179400205612183
0.6958702802658081
0.7671472430229187
0.8000127077102661
0.7448592782020569
1.0214790105819702
0.22485439479351044
0.26659533381462097
0.9958586096763611
1.2009526491165161
1.1036893129348755
0.45130306482315063
0.7516181468963623
1.1821612119674683
0.44231078028678894
0.69479900598526
0.6711623072624207
1.1261582374572754
1.059403896331787
0.7450580596923828
1.191256046295166
0.7317925691604614
0.49360325932502747
0.7223813533782959
0.448529988527298
0.779030978679657
0.9137069582939148
0.855629026889801
0.9895178079605103
1.076874017715454
1.08327054977417
0.5958959460258484
0.7370243668556213
0.9124675989151001
0.5685010552406311
0.6395895481109619
1.193756103515625
0.8263611793518066
1.1487494707107544
1.0536435842514038
0.976271390914917
0.9249011278152466
1.0330549478530884
1.166395664215088
0.6132201552391052
0.9878522157669067
0.8760587573051453
1.1542532444000244
0.9897870421409607
0.9628061056137085
0.6740805506706238
0.7662874460220337
0.6617682576179504
0.840826153755188
0.8879066705703735
0.5595018863677979
1.1409331560134888
0.9051218628883362
0.6571402549743652
0.3655916154384613
0.3141857981681824
0.5809925198554993
0.7441521286964417
1.109938144683838
1.110588788986206
1.1246980428695679
1.0950833559036255
1.1619375944137573
1.1011542081832886
1.16556715965271
0.5282682180404663
0.34650737047195435
0.9762294888496399
0.9366124868392944
0.5086512565612793
0.968034565448761
0.9000793099403381
1.1310240030288696
0.9177624583244324
0.8506932258605957
0.7413395643234253
0.48266246914863586
0.2771061658859253
1.1255528926849365
0.47917279601097107
0.8287235498428345
0.6703826785087585
0.6873559355735779
1.0998581647872925
1.018759846687317
0.5682500004768372
1.0730892419815063
1.1247659921646118
0.905121922492981
1.178980827331543
0.466279000043869
0.6912168860435486
0.5212056636810303
0.7633282542228699
0.6496877670288086
1.1693278551101685
0.7182753086090088
0.8495141267776489
0.43111497163772583
1.1295474767684937
0.9777979850769043
0.937006413936615
0.9198602437973022
0.8485687971115112
0.9864265322685242
1.1878530979156494
1.0148518085479736
0.32093361020088196
0.3479993939399719
0.6766316890716553
1.0219742059707642
0.8340818285942078
0.7093726396560669
1.0825644731521606
1.0644699335098267
0.9604582190513611
0.9402391314506531
0.7912272214889526
0.6059311628341675
0.9119537472724915
0.9487861394882202
0.824302077293396
0.9653246402740479
1.1242091655731201
0.4098360240459442
1.1063581705093384
1.1714552640914917
1.0247211456298828
1.1659965515136719
0.5720773339271545
0.9018740653991699
1.0292984247207642
1.1540786027908325
0.51835036277771
0.8669520616531372
0.962783694267273
0.5363938808441162
0.9061325788497925
0.7581460475921631
0.4585297405719757
1.0490055084228516
1.000815987586975
0.7637004256248474
0.31284382939338684
0.9339408278465271
0.8364928364753723
0.7777152061462402
0.759164035320282
0.5644722580909729
0.996275007724762
0.6412692666053772
1.0946578979492188
0.866100013256073
0.5291494131088257
1.2003008127212524
1.1086431741714478
0.9050787687301636
1.0076340436935425
0.5890904664993286
1.1064612865447998
0.7953506112098694
0.7485546469688416
0.905627965927124
1.0736570358276367
0.2720459997653961
0.9328214526176453
0.5473464727401733
0.8886473774909973
0.23599837720394135
1.0576434135437012
1.1101312637329102
0.6610856056213379
1.0877948999404907
0.32405537366867065
0.8767086863517761
1.0033930540084839
1.0777204036712646
1.013852834701538
1.0183135271072388
0.8044930100440979
1.134889006614685
1.0443592071533203
0.8424361348152161
1.035489797592163
1.1526845693588257
1.0590623617172241
0.5636061429977417
0.8463655114173889
0.7500974535942078
1.1829488277435303
1.1598044633865356
1.141229271888733
0.7907043099403381
0.8484922647476196
1.11350679397583
1.0259833335876465
0.8496196866035461
1.101487159729004
0.9532667994499207
0.6609384417533875
0.5017468333244324
1.0871894359588623
0.49913549423217773
1.152993083000183
0.40691205859184265
0.8639649748802185
1.021133303642273
0.7974813580513
0.19549524784088135
0.9126895666122437
0.9289037585258484
1.1712044477462769
1.0344139337539673
1.0148662328720093
1.0873628854751587
0.9914132356643677
0.8996472954750061
0.5207192301750183
0.67270827293396
0.41003045439720154
0.6826269626617432
0.7884153723716736
0.7219427227973938
0.9893288612365723
0.32134079933166504
1.1805623769760132
0.6144188642501831
1.041892647743225
1.0743166208267212
0.6025842428207397
1.1612704992294312
0.9765934944152832
0.5451025366783142
0.48246529698371887
1.012825846672058
0.1265527606010437
0.36219650506973267
0.9190841913223267
0.8907593488693237
0.6419328451156616
1.1500532627105713
0.9782992601394653
0.626476526260376
0.9981376528739929
1.0082024335861206
0.8973885178565979
0.4029907286167145
0.9421727657318115
0.5700420141220093
0.5809134244918823
1.1075632572174072
1.1606570482254028
0.6355077028274536
0.9671502709388733
1.0393832921981812
0.5914083123207092
1.1830819845199585
1.069785714149475
0.7978439331054688
0.7104665040969849
0.21301327645778656
0.9070135951042175
0.38517633080482483
0.6656333208084106
0.9490018486976624
1.1045933961868286
1.0707370042800903
1.021057367324829
0.9867370128631592
0.40485063195228577
1.141365885734558
0.7440402507781982
0.8334394097328186
0.5536413192749023
0.3831743597984314
0.90824294090271
0.8891396522521973
0.953376054763794
0.9582900404930115
1.1944795846939087
0.19156113266944885
1.0537145137786865
0.44463345408439636
0.9919679164886475
1.1579145193099976
0.9247063994407654
0.9197748303413391
1.1867350339889526
0.9449535608291626
0.3433331847190857
1.0327283143997192
1.0152994394302368
1.1626850366592407
0.256585031747818
1.0791778564453125
0.38621094822883606
0.9429551959037781
1.1823246479034424
0.4809134602546692
0.7220542430877686
0.6185245513916016
0.7639589905738831
0.600475013256073
0.8761183023452759
0.8084478378295898
0.7430961728096008
0.8087074756622314
0.6341062188148499
0.4945051074028015
0.48085102438926697
0.41643670201301575
1.0185221433639526
0.8604114055633545
1.10158109664917
0.9959009289741516
1.1766698360443115
0.37077540159225464
0.8858675360679626
0.9482791423797607
0.614009439945221
0.640570878982544
0.5643393993377686
0.6612409353256226
0.8024745583534241
1.1150237321853638
1.06246018409729
0.9775667190551758
1.0462790727615356
0.8663321733474731
1.1204584836959839
0.732184648513794
1.1939983367919922
0.8507821559906006
0.8661879897117615
0.7231251001358032
1.1596332788467407
1.1413459777832031
1.0091310739517212
1.1765689849853516
0.9008919596672058
1.0990445613861084
0.7389373183250427
0.7891272902488708
1.1855394840240479
0.8410435914993286
1.0743556022644043
1.1365028619766235
1.0431524515151978
1.1606868505477905
0.6997319459915161
0.9444409608840942
1.1728248596191406
0.3509593904018402
0.2224135547876358
0.864590048789978
1.021894097328186
1.115136742591858
0.8825117349624634
0.5095378756523132
0.8274350166320801
1.146586537361145
1.0615416765213013
0.39150723814964294
0.5269822478294373
0.6574296951293945
0.6003109812736511
0.9677256941795349
0.43182650208473206
0.7756051421165466
1.0736372470855713
0.4617862403392792
1.134605050086975
1.1477282047271729
1.0433428287506104
1.0384886264801025
0.9176584482192993
0.9767026305198669
0.482879638671875
1.0388259887695312
1.0086687803268433
0.7482984662055969
0.997221827507019
0.9105539321899414
1.1014037132263184
0.8587198853492737
1.0838350057601929
0.6986263394355774
0.8687775135040283
0.9761723875999451
0.6134089827537537
1.1326289176940918
0.7514386773109436
0.6863610744476318
0.9152102470397949
1.026930809020996
1.1340807676315308
1.13009774684906
1.078608751296997
0.831654965877533
0.6909863352775574
0.5270838141441345
0.973427414894104
1.1351457834243774
1.104337453842163
1.0874923467636108
1.1145282983779907
1.139599084854126
0.7858319878578186
0.44382885098457336
0.8920510411262512
0.9389908313751221
0.9733096957206726
0.8498675227165222
0.6097525954246521
0.8720409274101257
0.9077351689338684
0.7460893392562866
0.783666729927063
0.6773496866226196
1.0420023202896118
0.4633105397224426
0.7159907221794128
0.4747192859649658
1.1861763000488281
0.8140052556991577
0.5428259968757629
1.1607745885849
1.0952162742614746
1.0628864765167236
0.9806768894195557
1.1924282312393188
0.5725709795951843
1.1866897344589233
0.5706925988197327
1.2021464109420776
0.5898228883743286
1.0052613019943237
0.9243485331535339
0.9532767534255981
0.7433072924613953
0.5652229189872742
1.177040457725525
1.095442771911621
0.7074136734008789
0.7488850355148315
0.961357057094574
0.8311586976051331
1.1968069076538086
0.8261560201644897
0.9887117147445679
1.062723994255066
1.1263399124145508
1.0320751667022705
0.6113287806510925
1.169184923171997
1.1275279521942139
0.7004995942115784
0.8704900741577148
1.0020803213119507
0.9997754096984863
1.127471685409546
0.7739900946617126
0.883220911026001
0.47469064593315125
0.6922471523284912
0.7714654207229614
1.1219581365585327
1.0461885929107666
0.8693035840988159
0.6253735423088074
1.001664161682129
0.9667307138442993
0.6763032674789429
0.883732259273529
0.9962880611419678
1.1155446767807007
1.1878303289413452
0.7024234533309937
0.8872886896133423
1.0153230428695679
1.1801419258117676
1.128805160522461
1.0316121578216553
0.9425368905067444
1.19941246509552
0.6315338015556335
1.1198015213012695
0.9177275896072388
1.1651768684387207
1.1045781373977661
1.1027302742004395
0.9453218579292297
1.135405421257019
0.886416494846344
0.7054171562194824
0.43190503120422363
1.1650140285491943
0.7853853702545166
0.7806433439254761
0.9955326914787292
1.1041295528411865
0.8212449550628662
1.1071289777755737
1.1061948537826538
1.1632955074310303
0.8891684412956238
0.43213048577308655
0.47385767102241516
0.4294566810131073
0.9583982229232788
0.979067862033844
1.165136456489563
0.6325411200523376
1.0483412742614746
1.1103599071502686
0.5295262336730957
0.746704638004303
0.29902443289756775
1.0356330871582031
0.16067184507846832
1.087357521057129
0.48194780945777893
0.650557816028595
0.887739896774292
1.1658155918121338
0.4592472314834595
1.0861341953277588
1.0564640760421753
0.9217696785926819
1.1567500829696655
0.6994704008102417
0.7628307342529297
0.96297287940979
1.1975725889205933
0.5225525498390198
0.599073588848114
0.972983717918396
0.14462175965309143
0.98621666431427
1.182326316833496
0.5131171941757202
1.172169804573059
0.4663544297218323
0.8839240074157715
0.9632245302200317
0.7453547716140747
1.1508334875106812
1.1246740818023682
1.0103023052215576
0.5475597977638245
1.0828320980072021
1.1301689147949219
1.0796678066253662
0.7990794777870178
1.103803277015686
0.7040280699729919
0.6564279198646545
0.5916480422019958
0.8930574655532837
0.8195293545722961
0.8176828622817993
0.33879920840263367
0.8307247161865234
0.5190683603286743
1.1669304370880127
0.7275903820991516
1.109114646911621
1.0931594371795654
1.1633106470108032
1.1607215404510498
1.1011748313903809
0.7695658802986145
0.5697599649429321
1.1960994005203247
1.0345314741134644
0.296106219291687
0.1678486317396164
0.5615701675415039
0.7634361386299133
0.9428906440734863
1.0395727157592773
0.9832953214645386
0.4876505136489868
0.9186747670173645
0.369281142950058
0.9874159097671509
1.0698773860931396
0.6115041971206665
1.0377336740493774
0.9909902215003967
0.814472496509552
0.9372454881668091
0.9960088133811951
1.1430232524871826
0.8843375444412231
0.4657014310359955
0.9474824070930481
0.908449649810791
0.9065243601799011
0.3589591085910797
0.4192071259021759
0.8728492259979248
0.9930203557014465
0.8814897537231445
1.1618849039077759
0.4817027747631073
0.7296397686004639
1.1942318677902222
0.7397512793540955
1.066613793373108
0.8942945599555969
0.5503403544425964
0.39772695302963257
1.0837700366973877
1.0443756580352783
0.4296559989452362
0.8392717242240906
0.27576813101768494
0.814294695854187
0.8698847889900208
0.46280616521835327
0.5395121574401855
1.0061745643615723
0.7614980936050415
0.9654027223587036
0.7112904787063599
0.5988718271255493
0.5064519643783569
0.6679855585098267
0.6712096333503723
0.41353321075439453
0.7493616342544556
0.3346668481826782
0.7219454050064087
1.1105971336364746
1.0579560995101929
1.0908598899841309
1.1808674335479736
0.649381160736084
1.0165776014328003
0.7420177459716797
1.000542163848877
0.566428542137146
0.8656774759292603
0.9552478194236755
0.9439489245414734
0.6959078907966614
1.0323138236999512
1.0829901695251465
0.940860390663147
0.32115453481674194
1.0009369850158691
0.6277554035186768
1.0009211301803589
0.9748237729072571
1.095137596130371
0.6841714382171631
1.0226924419403076
0.5059253573417664
1.1445451974868774
0.5407383441925049
0.3220936059951782
0.830349326133728
0.6461684703826904
0.9283681511878967
1.0987498760223389
0.8056854605674744
1.1979202032089233
0.7765210866928101
1.1266764402389526
1.184059977531433
1.115768313407898
0.6375656723976135
0.8533987402915955
0.6706946492195129
0.6790235638618469
1.0676096677780151
1.171936273574829
0.5014187097549438
0.951531708240509
0.7545837163925171
0.43554583191871643
1.090767741203308
1.0817158222198486
0.954004168510437
1.0946234464645386
0.7945520877838135
0.6138225197792053
0.4486651122570038
0.8905183672904968
1.175242304801941
0.6136164665222168
0.37983590364456177
0.9290048480033875
0.5437373518943787
1.0296357870101929
1.1548413038253784
0.5859281420707703
0.9816479682922363
0.5926420092582703
1.027620792388916
1.1413559913635254
0.6883894205093384
0.9664129614830017
0.9984990358352661
0.7277925610542297
0.547109842300415
0.9381902813911438
1.1661442518234253
0.43387308716773987
1.0801770687103271
1.137638807296753
1.1290931701660156
1.0749212503433228
0.9158395528793335
1.1560087203979492
1.1558427810668945
1.1748230457305908
0.9964203834533691
0.5317324995994568
0.7738587856292725
0.7822020053863525
0.7136926651000977
0.5592729449272156
1.1507664918899536
0.7364082336425781
0.38866549730300903
0.9342330098152161
0.8211344480514526
1.0070323944091797
0.7636354565620422
0.8433585166931152
0.9595874547958374
0.2833991050720215
0.8371136784553528
1.2022204399108887
0.9189770221710205
0.5010311603546143
1.1997387409210205
1.0327352285385132
0.7483125329017639
1.053523302078247
0.5079349875450134
1.1229263544082642
1.1097955703735352
0.9842000007629395
1.0563149452209473
0.9850203394889832
0.6041103005409241
0.9216896891593933
0.23804743587970734
1.0877373218536377
0.5638403296470642
0.4703827500343323
0.8820429444313049
0.7134267687797546
0.9426431655883789
1.0428330898284912
1.0680888891220093
0.2114768922328949
0.813208281993866
1.1076595783233643
0.5550962686538696
0.4142935574054718
0.7725833058357239
1.0942469835281372
0.6904332041740417
0.9152229428291321
0.9762755632400513
1.1926014423370361
0.6936642527580261
1.1960257291793823
0.6079670786857605
1.0118666887283325
0.8787415623664856
0.8706961870193481
1.1634410619735718
0.5716685652732849
1.1979607343673706
0.6733628511428833
0.36832618713378906
1.0985946655273438
1.0473147630691528
0.8555922508239746
1.0309298038482666
0.44288370013237
0.9916115999221802
0.9802389740943909
1.0529541969299316
1.1816164255142212
0.8665281534194946
1.1900676488876343
0.672766387462616
1.1805444955825806
1.0984938144683838
1.1397262811660767
0.6572065949440002
1.1462805271148682
1.1831570863723755
0.4918500483036041
1.1887199878692627
0.6907370090484619
0.8205923438072205
0.532621443271637
0.37296202778816223
1.0598459243774414
1.0540868043899536
0.7516628503799438
0.3602016866207123
1.020735502243042
1.1946686506271362
0.8600088357925415
0.48040544986724854
1.0787237882614136
0.9240483045578003
0.8063206672668457
0.6057935357093811
0.7746706008911133
0.6070901155471802
1.043953776359558
1.0854308605194092
0.5279673337936401
1.1922780275344849
1.0293866395950317
0.5483812689781189
0.09237223863601685
0.7579112648963928
1.200678825378418
1.164477825164795
0.5610314607620239
0.8098096251487732
0.9554181694984436
0.8436967134475708
0.8951916098594666
1.146206021308899
0.7799810171127319
1.078452706336975
0.5884729623794556
1.1154519319534302
0.2958233654499054
1.0163973569869995
0.7758719325065613
0.36029550433158875
0.5601121783256531
1.1191450357437134
0.8788468837738037
0.9393622279167175
1.1763073205947876
0.6088495254516602
0.9810616374015808
1.1274045705795288
0.9003971815109253
1.0581610202789307
0.8601654767990112
0.9788618087768555
0.3564516305923462
0.7764155864715576
0.4570413827896118
0.4235314130783081
1.0659302473068237
0.720396101474762
0.7705659866333008
1.0286750793457031
1.1698945760726929
0.7711818814277649
0.8151820302009583
0.8116461038589478
0.8163951635360718
0.805192232131958
0.5332642793655396
0.5373573899269104
0.7150020599365234
0.9091646671295166
0.9709556102752686
0.8009401559829712
0.6195647120475769
0.7558545470237732
0.540152907371521
0.4492001533508301
0.9045373797416687
1.0030380487442017
0.9886025190353394
0.6596776247024536
0.9535859227180481
0.7122445106506348
0.7075682878494263
0.8235146999359131
1.0456361770629883
0.9703757762908936
0.9823175072669983
0.7072000503540039
0.6661733984947205
0.7568033933639526
1.0578398704528809
1.1257884502410889
1.154372215270996
0.7306134104728699
0.2080075591802597
0.8311589360237122
0.9815371036529541
1.1772315502166748
0.7892894148826599
0.44307824969291687
0.8860238790512085
0.49054762721061707
0.8926436305046082
0.9812220335006714
1.1194612979888916
1.0680797100067139
0.6819549202919006
1.0138263702392578
1.0372424125671387
0.9900400638580322
0.754152774810791
1.123839020729065
1.1602299213409424
0.7129396200180054
0.30419233441352844
0.8518484234809875
0.9082436561584473
0.3564755618572235
1.033226728439331
1.0113333463668823
0.7874519228935242
0.802521288394928
0.2618100643157959
1.0970191955566406
1.133320689201355
0.846615731716156
0.48409995436668396
0.7039408087730408
0.9513576626777649
1.138061761856079
0.708561360836029
0.32729119062423706
0.6372029781341553
0.8953500390052795
0.5028889775276184
0.8437372446060181
0.8026371002197266
0.5777090787887573
0.7792062759399414
1.1188541650772095
0.46429479122161865
0.5925250053405762
0.887105405330658
1.0377328395843506
0.8979945778846741
1.1000747680664062
0.9669762849807739
0.9012222290039062
0.9133868217468262
0.9662687182426453
0.6821925640106201
0.848042368888855
0.9154135584831238
1.085986852645874
1.1031696796417236
1.0093365907669067
1.0167139768600464
0.8997029066085815
1.0386419296264648
0.5531080365180969
0.961236298084259
0.8485351204872131
1.0076996088027954
0.4862443208694458
0.9364389181137085
0.5265998244285583
0.7837337851524353
0.8346123695373535
0.7331279516220093
0.6480821371078491
1.1705784797668457
1.1705540418624878
0.9820995926856995
1.2013648748397827
0.8310856819152832
0.7942225933074951
1.0687832832336426
0.6404674053192139
0.5836783647537231
0.8869607448577881
0.4715135097503662
0.927657961845398
0.7009568810462952
0.9636921286582947
1.0120720863342285
0.8806515336036682
0.3703784644603729
0.8860805034637451
0.9938609004020691
0.9000090956687927
0.7427422404289246
1.0716527700424194
0.8749820590019226
1.0920464992523193
0.7656118869781494
0.9942112565040588
1.2022651433944702
0.6345861554145813
0.6436614394187927
0.7481386065483093
0.8518739938735962
1.041075348854065
0.8621265888214111
0.9960018992424011
0.9465819597244263
0.8754846453666687
0.6262342929840088
0.9128812551498413
0.5080139636993408
0.7107227444648743
0.4478720724582672
1.0271066427230835
1.0910096168518066
0.7191800475120544
0.7893152832984924
1.1389912366867065
0.632350742816925
0.8308681845664978
0.8142467141151428
0.9039021730422974
0.7460808753967285
1.0337660312652588
0.4864737093448639
0.7682691216468811
0.26717719435691833
0.4385271966457367
1.1162446737289429
0.8372072577476501
0.851292073726654
0.5335503816604614
1.1568175554275513
0.6971927881240845
0.6447879076004028
0.431475967168808
1.00759756565094
0.9411301016807556
0.977830171585083
1.1836752891540527
0.8426356911659241
0.7128400802612305
0.45074787735939026
1.1237965822219849
0.40066275000572205
0.3327828347682953
1.0828027725219727
0.7548819780349731
0.7513197660446167
0.520157516002655
0.5586466193199158
1.0804455280303955
0.5360291600227356
0.5360745787620544
0.7586899995803833
0.6533783674240112
0.9826785326004028
0.9903227686882019
0.9730508327484131
1.1714142560958862
0.7832393646240234
0.7474205493927002
1.026389718055725
0.7978704571723938
0.9282651543617249
1.119009017944336
1.1487184762954712
1.1805201768875122
0.9107336401939392
0.33130115270614624
0.7923073768615723
0.8228775858879089
1.0424439907073975
1.0266189575195312
0.46038490533828735
0.5395649671554565
1.15077805519104
0.7887215614318848
0.7925159931182861
1.1672776937484741
1.2012929916381836
0.18668772280216217
0.7073108553886414
0.5860792398452759
0.4695946276187897
1.0145374536514282
0.36265361309051514
1.0722371339797974
1.1048847436904907
0.8537483215332031
0.9505217671394348
1.1270960569381714
0.7920515537261963
0.3478088974952698
0.792747437953949
1.048045039176941
0.7186738848686218
0.8646091222763062
0.5661404132843018
0.9695205688476562
0.6970958113670349
0.8140190243721008
0.4839853346347809
1.0169107913970947
0.40676578879356384
0.6186543703079224
1.1952859163284302
0.7013614177703857
0.7361717224121094
0.5737613439559937
0.7287368774414062
0.7518724203109741
0.14487987756729126
1.0747160911560059
1.0856159925460815
1.1640175580978394
1.1886924505233765
0.7391330003738403
0.987328827381134
1.173309087753296
0.8846185207366943
0.7955703735351562
0.682428777217865
0.831064760684967
0.8461961150169373
1.1427841186523438
0.46533530950546265
0.7164360284805298
0.9113401770591736
0.6766906976699829
0.9747009873390198
1.1957025527954102
1.1022056341171265
1.0170577764511108
1.0166428089141846
1.1165225505828857
0.39279910922050476
0.8988816738128662
1.0503101348876953
0.914976179599762
1.1915208101272583
1.164597749710083
0.7773748636245728
0.9796203374862671
0.5428268909454346
1.1702196598052979
1.1935769319534302
1.0089927911758423
0.7358952164649963
0.4889346957206726
0.97282475233078
0.9198368191719055
1.0195907354354858
0.9996105432510376
0.7800149321556091
0.7334820628166199
0.9295584559440613
0.6672131419181824
1.1674515008926392
1.018583059310913
0.7805719375610352
0.22578421235084534
0.9248290061950684
0.693238377571106
0.9528005719184875
0.3161626160144806
0.8007263541221619
0.8452059626579285
0.5030142664909363
0.8958308696746826
0.8984096646308899
0.4325177073478699
1.0156879425048828
1.0448440313339233
1.1526918411254883
0.6087725758552551
0.7562075853347778
1.0453526973724365
0.09721630066633224
1.0664021968841553
0.6832013726234436
0.49923908710479736
1.0126763582229614
1.0071314573287964
0.9809264540672302
1.005096435546875
0.983858048915863
0.826970636844635
0.8145850896835327
0.6459621787071228
0.3183383047580719
0.9736853241920471
0.910053551197052
0.5622522234916687
0.9492160677909851
0.7271886467933655
1.154018521308899
1.1171870231628418
1.1894645690917969
1.008254885673523
0.7518455386161804
0.6360612511634827
0.9035972952842712
0.7601150274276733
1.1497094631195068
1.1905277967453003
0.9528509974479675
0.9430145621299744
0.9635938405990601
1.1899116039276123
1.0543018579483032
1.1069977283477783
0.763069212436676
0.786126434803009
0.5977294445037842
0.9580339789390564
0.9560191035270691
0.9075088500976562
0.9457551836967468
0.8475099802017212
0.8378380537033081
0.775598406791687
0.5818493366241455
0.9037202000617981
0.8662956953048706
0.7965863347053528
0.9810340404510498
1.0513238906860352
0.40201622247695923
1.0082175731658936
1.0606733560562134
1.0696005821228027
0.5350369215011597
0.5838521122932434
1.0325411558151245
1.0274465084075928
0.6556203961372375
0.1949029415845871
0.5133087635040283
1.1734604835510254
0.8158548474311829
1.0671906471252441
1.1592622995376587
0.7700021862983704
0.8617644309997559
0.4508867859840393
0.729242205619812
0.6620372533798218
1.1814199686050415
0.531652569770813
0.8386437892913818
1.202618956565857
0.7839666604995728
1.1815001964569092
1.1352643966674805
0.5168798565864563
1.1724306344985962
1.099281668663025
0.6182960271835327
0.28752729296684265
0.888248860836029
0.905601441860199
0.6886071562767029
0.7037572860717773
1.0014947652816772
0.9449124932289124
0.722777783870697
0.9269939064979553
0.5718743205070496
0.958499014377594
1.1829872131347656
0.4729992151260376
0.5647661089897156
0.6025805473327637
1.098223328590393
0.9502103924751282
1.1939632892608643
1.0560157299041748
1.0692943334579468
0.4857119023799896
0.6501239538192749
1.0535436868667603
1.1256542205810547
1.1133265495300293
0.9926299452781677
0.4795725345611572
1.06275475025177
0.685401976108551
0.62152498960495
0.5019634366035461
0.6925523281097412
1.0737335681915283
1.0530810356140137
0.9610137939453125
0.7848648428916931
1.1978353261947632
0.8729221224784851
0.5109173655509949
0.8363559246063232
1.2014312744140625
1.0082358121871948
0.9194432497024536
0.7066555619239807
0.49044233560562134
0.8480638861656189
1.0259950160980225
0.593202531337738
1.1047255992889404
1.0198025703430176
1.1772629022598267
1.1666603088378906
0.9180393815040588
0.6520704030990601
0.4313035011291504
0.8907759785652161
0.19493161141872406
0.20245850086212158
1.1933270692825317
0.3776599168777466
0.7117910385131836
0.43410757184028625
0.7476102709770203
0.619796097278595
0.8963216543197632
0.9141620397567749
0.2520676255226135
0.3534720838069916
1.1832547187805176
0.9291555285453796
0.47012051939964294
0.4328780174255371
0.813146710395813
1.1310079097747803
1.109378695487976
0.8763799071311951
0.8732571005821228
1.1458543539047241
1.1264287233352661
1.0758752822875977
0.9757355451583862
1.0232973098754883
0.706247091293335
1.0509610176086426
0.9296339154243469
0.7026147246360779
0.37737780809402466
1.0977567434310913
1.1295307874679565
1.017563819885254
1.0956171751022339
0.7543564438819885
0.35258883237838745
0.9283050298690796
1.1026500463485718
0.8706672787666321
1.1634418964385986
0.8520077466964722
1.1719439029693604
0.6531932353973389
0.7557961940765381
1.0273526906967163
0.4948914647102356
1.1640024185180664
1.1517412662506104
0.7413004040718079
0.7567171454429626
1.0838794708251953
1.0965824127197266
1.1012253761291504
0.8670722246170044
0.9129013419151306
0.9339854121208191
0.8354007005691528
1.0636931657791138
0.254741370677948
0.5450745820999146
1.0879862308502197
0.282545804977417
1.120847225189209
0.17830270528793335
0.6310386061668396
1.0858941078186035
0.63129723072052
0.7393903136253357
1.187564492225647
0.6848371028900146
0.6380982398986816
0.8388102054595947
1.138025164604187
0.8676919937133789
1.156913161277771
1.0780102014541626
0.4448675513267517
0.6292140483856201
0.5721736550331116
0.7130541205406189
0.5817628502845764
1.0129175186157227
0.48086878657341003
1.180914282798767
1.0663403272628784
1.1964224576950073
1.1344590187072754
0.909997284412384
0.5686696767807007
0.4315977692604065
1.1630407571792603
0.8837984204292297
0.8566558957099915
0.7591745853424072
1.089654803276062
0.7586793303489685
1.0733665227890015
0.7914604544639587
0.8281078934669495
1.0147806406021118
0.42190685868263245
1.1189846992492676
0.5213213562965393
0.572558581829071
1.007068395614624
0.8527571558952332
0.9567340016365051
1.1406291723251343
1.031583309173584
0.8178924918174744
1.1916396617889404
0.803554356098175
0.5298917293548584
0.7933329939842224
0.8124231696128845
0.7326695919036865
0.8929416537284851
1.1006816625595093
1.1987515687942505
0.7072006464004517
0.8983055353164673
1.1119012832641602
1.0827027559280396
0.2474052608013153
0.593141496181488
0.6773073077201843
0.9704546928405762
0.4206008315086365
0.6346176266670227
0.49339771270751953
1.001571536064148
1.139017105102539
1.1555805206298828
1.1022919416427612
0.9582850337028503
0.9890945553779602
0.6614962816238403
0.6353590488433838
0.5635645389556885
0.5785682797431946
0.7151257991790771
1.1257585287094116
1.1318720579147339
0.9326696395874023
1.1654061079025269
0.6930271983146667
0.9277296662330627
1.07144033908844
0.9251803159713745
1.1892180442810059
0.7741449475288391
1.0360745191574097
0.5419463515281677
0.8985484838485718
0.09917496144771576
0.18966728448867798
0.49185705184936523
0.6649767756462097
0.7374746203422546
0.957897961139679
0.7184459567070007
0.969001293182373
0.9607120752334595
0.848609209060669
0.43616679310798645
0.7184250354766846
1.0999884605407715
1.1771429777145386
1.1572242975234985
0.7188908457756042
0.8344647288322449
1.1544764041900635
1.059708595275879
1.0719965696334839
0.7369330525398254
1.1684188842773438
0.45333948731422424
1.1222834587097168
0.676537811756134
0.9161673784255981
0.8095816969871521
0.6841155290603638
1.0946543216705322
0.8133687376976013
0.8796607851982117
1.0699502229690552
0.6493172645568848
0.21706177294254303
0.930393397808075
1.0916695594787598
0.5596978664398193
0.9996722340583801
1.0029566287994385
1.1893867254257202
0.7206907868385315
0.9506423473358154
0.9546648263931274
1.1884797811508179
0.5758174657821655
0.9014524817466736
1.1113533973693848
0.3744681775569916
1.1739448308944702
1.0749447345733643
1.1449909210205078
0.7074027061462402
1.1541167497634888
0.7388685345649719
0.661503791809082
0.22084367275238037
1.1464338302612305
0.3604183495044708
0.8756484985351562
0.41700267791748047
0.8110681176185608
0.6916050314903259
0.4500112533569336
0.5402408838272095
0.8193058967590332
1.1748769283294678
0.43895041942596436
1.0626777410507202
1.0250024795532227
0.8786677122116089
0.5472339391708374
1.0870836973190308
0.9134318232536316
1.1549122333526611
0.8218690156936646
0.4170588254928589
1.0767602920532227
0.45672574639320374
1.006188154220581
0.7888619303703308
0.3345634639263153
0.8753606677055359
0.9564379453659058
1.1384223699569702
0.9356794953346252
0.34892815351486206
1.1322828531265259
1.0219367742538452
1.142809271812439
0.7138757705688477
0.7713672518730164
0.44585108757019043
0.8907516598701477
0.3635921776294708
0.8813050389289856
0.06719931960105896
1.1366153955459595
0.7333522439002991
0.7138904333114624
0.572874128818512
0.42205357551574707
0.4822610020637512
0.3387105166912079
1.1858994960784912
0.9548627734184265
0.9375498294830322
1.0965903997421265
1.0282806158065796
0.7382014989852905
0.8801405429840088
0.8970229625701904
0.5270549654960632
0.42918238043785095
0.4182725250720978
0.9325524568557739
0.45705416798591614
0.8177112936973572
0.676132321357727
0.4876823425292969
1.1581779718399048
0.4192211627960205
1.1360276937484741
1.1683844327926636
0.42456522583961487
0.7417321801185608
0.5909020304679871
0.6603355407714844
1.174450397491455
0.70719975233078
0.7824660539627075
0.7734518647193909
0.6300318241119385
1.0860813856124878
0.5137545466423035
0.9822556376457214
1.046667456626892
1.0587576627731323
1.1893106698989868
0.8676052689552307
1.1511311531066895
0.8280171155929565
0.9168210029602051
0.6684898138046265
0.9707473516464233
1.1791517734527588
1.0693860054016113
0.9087433218955994
0.5221719145774841
1.1082103252410889
1.0706677436828613
0.6792173385620117
1.1593965291976929
0.7669386267662048
1.0468945503234863
0.6928650736808777
0.948948085308075
0.9378986358642578
1.1429646015167236
0.9648101925849915
0.5389509797096252
0.8441375494003296
0.9723149538040161
1.0821256637573242
0.5060420036315918
0.768838107585907
0.6810629367828369
0.8284333944320679
1.1586464643478394
0.5720821022987366
0.9369561672210693
1.05879807472229
0.942395806312561
1.1939308643341064
0.866990327835083
0.7721529603004456
0.984771192073822
0.7581527233123779
0.7777127027511597
0.1639200747013092
0.6720965504646301
0.9511337280273438
0.6132832169532776
0.858792781829834
0.48974719643592834
0.7816175818443298
0.9707615971565247
0.958733081817627
0.9656899571418762
0.676611065864563
0.5126065611839294
1.0495986938476562
0.9910243153572083
0.5471680164337158
0.8581340312957764
0.49692502617836
1.1023176908493042
0.32111236453056335
1.0035686492919922
0.5610852837562561
0.8351866006851196
1.1686444282531738
0.9960312247276306
0.6561099886894226
0.6849173307418823
0.8231687545776367
0.7418491244316101
0.8367631435394287
0.7720302939414978
1.138550043106079
0.5761188268661499
0.9849097728729248
0.8104663491249084
1.1181191205978394
0.8453733325004578
0.8720616102218628
1.0722670555114746
0.9953320026397705
0.8590555787086487
0.6646099090576172
0.919832170009613
0.8124736547470093
0.9377172589302063
0.4379708766937256
0.8205816745758057
0.9587888717651367
0.3599051535129547
0.36636319756507874
1.146809458732605
0.21985067427158356
0.40570393204689026
0.5069679617881775
1.0814660787582397
0.48446887731552124
1.1316787004470825
1.130003809928894
1.1140565872192383
0.8521265387535095
0.945085346698761
1.1991487741470337
1.1417343616485596
1.0647450685501099
0.8319091200828552
1.0046223402023315
0.7950775027275085
1.1120744943618774
1.0606881380081177
0.38667479157447815
1.1777174472808838
0.8445948958396912
0.3590625822544098
1.1108473539352417
0.9607285261154175
0.6697699427604675
1.196337103843689
0.5459802746772766
0.6013749241828918
1.1943187713623047
0.7861894369125366
0.9952870607376099
1.0727767944335938
0.9442546963691711
0.9666423201560974
1.0001468658447266
0.8792891502380371
1.131636381149292
0.3378180265426636
0.5868562459945679
0.7436466217041016
0.9690567255020142
1.1988391876220703
0.801639974117279
1.1598243713378906
0.5908646583557129
0.32782039046287537
0.6246609687805176
1.1275535821914673
1.167849063873291
0.7058480978012085
0.6615685820579529
1.1334636211395264
0.9649702906608582
0.570768415927887
1.186191201210022
1.1348388195037842
0.6810881495475769
0.6444829702377319
0.9731165170669556
0.4740585386753082
0.8624300956726074
1.0576368570327759
0.9621381163597107
1.113512635231018
0.11493895202875137
0.8906957507133484
1.0491386651992798
0.7605550289154053
0.5355284810066223
0.7393142580986023
1.02980637550354
1.1400138139724731
1.174438714981079
0.8965103626251221
1.060807228088379
0.9526047110557556
0.8455801606178284
0.5154802799224854
0.9913933277130127
0.712950587272644
0.9175294041633606
0.8956563472747803
0.5320851802825928
1.0152603387832642
0.8366515636444092
0.5475518107414246
0.7811243534088135
1.0098825693130493
0.7387540936470032
0.7895504832267761
0.9357026219367981
1.1867923736572266
0.42396900057792664
1.1449389457702637
0.7619849443435669
0.8321691751480103
1.12549889087677
1.1674132347106934
0.6272718906402588
0.8340139985084534
0.4486624598503113
0.9289600253105164
0.6615026593208313
0.9953754544258118
0.9674304723739624
0.8698524832725525
1.1467773914337158
0.9724645018577576
0.6911255717277527
1.1903265714645386
1.0866109132766724
0.9124215245246887
1.0964035987854004
0.9554764032363892
0.5931025147438049
1.1468210220336914
1.1380804777145386
0.7747792601585388
0.845231294631958
1.0052433013916016
0.8827687501907349
0.2869340479373932
0.4829467535018921
1.2008839845657349
0.43234097957611084
0.7510532140731812
1.0434434413909912
0.870633065700531
0.402321457862854
0.6768690347671509
1.1017168760299683
1.201375961303711
1.0127582550048828
1.1154757738113403
0.738484799861908
1.1439745426177979
0.5748800039291382
1.0570279359817505
1.1465177536010742
0.36645832657814026
0.4810231626033783
0.37772318720817566
0.9504629969596863
0.9309094548225403
0.22924315929412842
0.7299107909202576
0.9500136375427246
1.1329425573349
1.1595258712768555
0.7850362658500671
1.0000708103179932
0.6202370524406433
0.4371010661125183
0.5967344045639038
0.6140495538711548
0.7458321452140808
1.0443592071533203
1.0453356504440308
0.49229544401168823
0.9365427494049072
1.0090703964233398
1.094481110572815
0.7780238389968872
0.2849389314651489
0.8979688882827759
0.21603064239025116
0.8998327255249023
0.9063513278961182
0.6410966515541077
1.1208683252334595
1.1281793117523193
1.0471348762512207
0.9206368923187256
0.9978249073028564
0.45466041564941406
0.6543533802032471
0.8030994534492493
1.0050641298294067
0.9685083627700806
0.9172219038009644
0.5445464849472046
0.9695072770118713
1.0568264722824097
0.6733065247535706
0.6812714338302612
0.36700376868247986
0.8964359164237976
1.1603162288665771
1.0060489177703857
0.44293710589408875
1.1651113033294678
0.9672597050666809
0.9156982898712158
0.604895830154419
0.3310811221599579
1.056670904159546
0.8694542646408081
1.1061968803405762
0.9731130003929138
0.48573029041290283
0.22816208004951477
0.8636866807937622
1.0740636587142944
0.6970552802085876
0.2981528341770172
0.7935343384742737
1.0246858596801758
1.0562498569488525
0.5641129016876221
0.8954131007194519
0.7581713199615479
0.6880629658699036
1.1321672201156616
0.542586624622345
0.6349708437919617
0.9842901229858398
0.6962305307388306
0.5984022617340088
1.1910760402679443
0.8282014727592468
1.1205658912658691
0.40069377422332764
0.606406569480896
1.0113980770111084
0.6770536303520203
1.1486704349517822
0.9862827658653259
0.558837354183197
1.1633121967315674
0.8559733629226685
1.0287774801254272
0.5421673655509949
0.9265068173408508
0.6492869853973389
1.168916940689087
0.8722934722900391
0.8333989381790161
0.594982385635376
0.4739607870578766
0.9057142734527588
0.8768741488456726
0.5797924399375916
0.9833781123161316
0.953398585319519
0.8912033438682556
1.0540099143981934
0.3273884654045105
0.2107919156551361
0.6759220957756042
0.7226611375808716
0.938885509967804
0.780825138092041
0.8964802026748657
0.8629568815231323
0.5369088053703308
1.0218617916107178
0.8952265381813049
0.9832212924957275
0.9239000678062439
1.0912688970565796
0.7246516346931458
0.35715705156326294
0.8854095935821533
1.00972580909729
0.7424829006195068
1.1219444274902344
1.0503673553466797
0.605664074420929
0.7155214548110962
1.0286399126052856
0.38242658972740173
0.8873108625411987
1.1263976097106934
0.9992286562919617
0.7150106430053711
0.7469885945320129
1.002681851387024
0.3756854832172394
0.6875663995742798
1.1591962575912476
0.6988106369972229
0.827603816986084
1.0340813398361206
1.0075421333312988
0.8774885535240173
1.107615351676941
1.1358451843261719
0.9056910872459412
0.636589527130127
1.0564627647399902
1.1383060216903687
1.1452136039733887
0.488570898771286
0.4400397837162018
0.8273546695709229
1.1940017938613892
1.185696005821228
1.138960599899292
0.5567129850387573
0.9962295293807983
0.7272245287895203
1.201444387435913
0.8244738578796387
0.7990400195121765
1.008009672164917
0.8082827925682068
0.4875783622264862
0.9495439529418945
0.8153964877128601
1.0058389902114868
1.1923872232437134
0.7158157229423523
1.141560673713684
1.0340684652328491
1.0290248394012451
0.48824235796928406
0.32472431659698486
1.1171339750289917
1.183345913887024
0.7816799879074097
1.1522372961044312
0.80379319190979
1.1745601892471313
0.9454009532928467
0.9246571063995361
1.1728198528289795
1.0678761005401611
0.5469053387641907
0.6386157870292664
0.6752305626869202
1.1109278202056885
0.6563648581504822
1.1228946447372437
0.4242086112499237
0.8221655488014221
1.1634119749069214
0.8798465728759766
0.8415355086326599
0.9107212424278259
1.1959768533706665
0.8812865614891052
0.9693410396575928
0.8092213869094849
1.1816697120666504
0.7670862674713135
0.7175028324127197
0.3446657657623291
0.412116676568985
0.7415559887886047
1.2002419233322144
0.9670923352241516
1.1897554397583008
0.3947160542011261
0.8017642498016357
0.9620875120162964
1.0525223016738892
0.4608171284198761
0.8690449595451355
0.4677811563014984
0.8253400325775146
0.9586971402168274
1.1655930280685425
0.9044620394706726
0.6483967900276184
0.5588957667350769
0.931596040725708
1.166367530822754
1.1360868215560913
0.6056972742080688
0.5351695418357849
0.7934987545013428
0.6107458472251892
1.0135257244110107
0.6805825233459473
0.8691386580467224
1.1111868619918823
1.1822459697723389
1.0588109493255615
0.7150281071662903
0.772846519947052
0.8679101467132568
0.1494152992963791
0.47160929441452026
0.9067910313606262
0.8405563235282898
1.084276556968689
1.1248412132263184
0.6356226205825806
0.42062443494796753
0.9759529232978821
1.0380678176879883
1.046280860900879
0.8132081627845764
0.792760968208313
0.5224519371986389
0.7105672359466553
0.9228998422622681
1.004555106163025
1.0876137018203735
0.560382068157196
1.173149585723877
1.1444742679595947
0.41132426261901855
0.8849428296089172
0.693200409412384
1.0071570873260498
1.1768419742584229
1.19154691696167
0.7475600838661194
0.9326099753379822
1.0480732917785645
1.1528472900390625
1.193237543106079
0.8334686756134033
0.8955668210983276
1.1426262855529785
1.146744966506958
1.0224615335464478
0.74567049741745
0.9991706609725952
1.0666286945343018
0.9742658138275146
1.117818832397461
1.0693861246109009
0.7514248490333557
1.1003310680389404
1.1450073719024658
1.1051840782165527
1.182669997215271
0.7835021018981934
1.195779800415039
1.1658881902694702
1.0673744678497314
1.1523404121398926
0.9489055871963501
0.7131739258766174
0.3690316379070282
0.9916111826896667
0.8111103773117065
0.9987413287162781
1.1944944858551025
1.1619679927825928
0.9197234511375427
0.582553505897522
0.6261122226715088
0.8162145614624023
0.8638159036636353
0.46356073021888733
1.1278796195983887
0.9342389702796936
1.0470912456512451
0.7479236125946045
1.1556448936462402
0.9070358276367188
1.0216666460037231
0.7208356261253357
0.5719555616378784
1.1535618305206299
1.0524663925170898
1.153878927230835
0.793677568435669
1.0933237075805664
0.9195863604545593
1.141849160194397
1.110541820526123
1.007813572883606
0.7603482007980347
0.9817092418670654
1.0135945081710815
1.0998408794403076
0.9468318223953247
1.1859934329986572
0.574497640132904
0.6240355372428894
0.6783570647239685
0.675320565700531
1.1312923431396484
1.0186660289764404
0.7381265759468079
0.7049288749694824
0.3345072269439697
1.137125015258789
1.174620509147644
1.0193405151367188
1.0435268878936768
1.202462077140808
1.0122883319854736
0.712421715259552
0.9594074487686157
0.9955418109893799
1.1412158012390137
0.9318326115608215
0.7640661001205444
0.8902837038040161
1.0778535604476929
1.0420206785202026
0.901699960231781
0.26934635639190674
1.0803619623184204
0.8384392857551575
0.8890904188156128
1.188270926475525
0.3170955181121826
0.5547390580177307
0.8500010967254639
1.075330376625061
0.9450253248214722
1.0250884294509888
1.0490303039550781
0.4942994713783264
0.7929033041000366
0.6047301888465881
0.9047699570655823
1.0137172937393188
0.567162811756134
1.1361370086669922
0.323220819234848
1.1795270442962646
1.1305439472198486
0.6795049905776978
1.159252643585205
0.8208986520767212
1.0491397380828857
1.135074257850647
1.1154847145080566
0.4787615239620209
1.1395386457443237
0.3735055923461914
1.1454733610153198
1.053261160850525
1.2023115158081055
1.043992280960083
0.924504280090332
0.8871869444847107
0.8509941101074219
0.18194179236888885
0.9133889675140381
1.1065186262130737
0.7263250946998596
1.090888500213623
1.098448634147644
0.17244836688041687
0.8501211404800415
0.5279490351676941
0.6939645409584045
1.0473922491073608
1.1102582216262817
1.0059700012207031
1.0320147275924683
0.314208447933197
0.9789588451385498
0.403734028339386
1.0960278511047363
0.9364794492721558
0.8364889025688171
1.130213737487793
1.173150658607483
1.0486187934875488
0.9669148325920105
1.1631203889846802
0.8015918135643005
1.1102604866027832
0.7049252986907959
0.4225791394710541
1.0591524839401245
1.0700914859771729
1.0376969575881958
1.0663515329360962
0.9125993847846985
1.185149073600769
0.608055055141449
0.6754394173622131
1.1493425369262695
0.6176972389221191
0.6889791488647461
1.0152859687805176
0.6143807768821716
1.2018630504608154
1.1590251922607422
0.429577112197876
0.9842209219932556
0.7412425875663757
1.1064178943634033
0.7669821977615356
0.33632904291152954
0.4847179055213928
1.1514825820922852
0.6982722878456116
1.0538760423660278
0.7877669334411621
1.022481918334961
0.5077022314071655
1.1553497314453125
1.0902466773986816
1.1232434511184692
1.024000644683838
0.48628923296928406
1.1637011766433716
0.1580943614244461
1.0169271230697632
1.0919137001037598
0.8099231719970703
0.7954590916633606
1.0726356506347656
0.8983775973320007
0.4341747760772705
0.5912584066390991
0.7857153415679932
1.198855996131897
0.6280538439750671
0.7178136110305786
0.33661583065986633
0.6492379903793335
0.9170343279838562
1.1972960233688354
0.8228057622909546
1.0729910135269165
0.7767720818519592
1.0852773189544678
1.035288691520691
1.0446218252182007
1.1363054513931274
1.1608736515045166
0.9413658976554871
0.6479483842849731
0.9763654470443726
0.5842785239219666
1.1746200323104858
1.0004152059555054
0.6110735535621643
1.1829935312271118
0.6935073137283325
0.7390182018280029
0.786722719669342
0.8749048113822937
0.6087289452552795
0.9267870783805847
0.9526777267456055
0.6624954342842102
0.816240668296814
0.8415735363960266
1.142392873764038
0.5557008981704712
1.0046796798706055
1.06467866897583
0.41305801272392273
1.1370505094528198
1.193589448928833
1.004858374595642
0.6678104400634766
0.36357781291007996
0.7654100656509399
1.0719759464263916
1.1670697927474976
0.7494603991508484
1.0331699848175049
0.7240615487098694
1.1451998949050903
0.9822058081626892
0.8713507056236267
0.6666305661201477
