0.23290345072746277
0.8125551342964172
0.4411320984363556
0.4541367292404175
0.540224015712738
0.25815603137016296
0.4648486375808716
0.4322796165943146
0.5265859365463257
0.6699965000152588
0.41446998715400696
0.4527994394302368
0.6733633279800415
0.6082339286804199
0.4066845774650574
0.4573088586330414
0.5552536845207214
0.6399660110473633
0.5517262816429138
0.5421103835105896
0.5877469182014465
0.733242392539978
0.3723045289516449
0.5788718461990356
0.42845046520233154
0.5872300863265991
0.7774261236190796
0.29065489768981934
0.6079021096229553
0.5723199844360352
0.6098623275756836
0.2592261731624603
0.6193703413009644
0.18002212047576904
0.24246647953987122
0.41439396142959595
0.3872819244861603
0.39048391580581665
0.7251334190368652
0.4020053744316101
0.4840446710586548
0.44334766268730164
0.25792112946510315
0.4330247938632965
0.407244473695755
0.29901522397994995
0.6864218711853027
0.6613427996635437
0.3243654668331146
0.5139535069465637
0.2270643264055252
0.5664430260658264
0.5523155927658081
0.1761975884437561
0.49373552203178406
0.6330260038375854
0.4072987139225006
0.6258770823478699
0.7333836555480957
0.9288384318351746
0.5692098140716553
0.11985240876674652
0.2712953984737396
0.28263238072395325
0.6671565771102905
0.3711041510105133
0.5504224896430969
0.5717701315879822
0.5219120979309082
0.44071686267852783
0.712332010269165
0.5166638493537903
0.4902009069919586
0.6897833943367004
0.4969804584980011
0.7612243294715881
0.5722062587738037
0.4871310591697693
0.4752397835254669
0.5008603930473328
0.5203261971473694
0.3824980556964874
0.5688531994819641
0.5995181798934937
0.29638439416885376
0.4651332497596741
0.4813554286956787
0.5497319102287292
0.2550494968891144
0.20726381242275238
0.6441332697868347
0.5503858327865601
0.5295917391777039
0.7158252596855164
0.7163335680961609
0.7939517498016357
0.38538357615470886
0.5338513851165771
0.5806863903999329
0.6885531544685364
0.6338886022567749
0.20681852102279663
0.6320106983184814
0.5583601593971252
0.6243898868560791
0.7174015045166016
0.5051930546760559
0.454708993434906
0.34400418400764465
0.46356841921806335
0.37223634123802185
0.4099748432636261
0.6099978685379028
0.6245561838150024
0.5034823417663574
0.40264052152633667
0.8355681896209717
0.5891515612602234
0.5237393379211426
0.6976597309112549
0.5856992602348328
0.7429392337799072
0.7387126088142395
0.7079349756240845
0.38716718554496765
0.5300440788269043
0.38882774114608765
0.31947022676467896
0.46721506118774414
0.3992280662059784
0.6920379400253296
0.5787267088890076
0.42462506890296936
0.15914586186408997
0.7096595168113708
0.27018675208091736
0.5882779359817505
0.4338991343975067
0.3805854916572571
0.5011060237884521
0.33648619055747986
0.12815842032432556
0.3284936547279358
0.7899227142333984
0.6350357532501221
0.2820090651512146
0.18829376995563507
0.5890682339668274
0.7006424069404602
0.3192238509654999
0.17087732255458832
0.46303337812423706
0.6356973052024841
0.8122804164886475
0.30216771364212036
0.19268235564231873
0.5898717045783997
0.42326289415359497
0.5712798237800598
0.38267502188682556
0.6022024750709534
0.4203290641307831
0.38321399688720703
0.510883629322052
0.9281163811683655
0.22181464731693268
0.4333702027797699
0.3691692054271698
0.46139758825302124
0.6044408679008484
0.2494623214006424
0.49381908774375916
0.40285158157348633
0.839145302772522
0.4691934287548065
0.31465813517570496
0.4710301458835602
0.5466006994247437
0.4734869599342346
0.31503283977508545
0.4956727623939514
0.8013861775398254
0.7169634699821472
0.5167866349220276
0.23736797273159027
0.5825582146644592
0.5284258127212524
0.8477980494499207
0.43748143315315247
0.4605771005153656
0.260096937417984
0.3282642960548401
0.6895231604576111
0.6758841872215271
0.28833380341529846
0.37723156809806824
0.5438623428344727
0.6081835627555847
0.6240789294242859
0.5266250967979431
0.5808691382408142
0.5752686262130737
0.3322625756263733
0.2571857273578644
0.7427964210510254
0.7404319643974304
0.7769063711166382
0.43340134620666504
0.6000573635101318
0.6236268281936646
0.023646868765354156
0.48146331310272217
0.5528787970542908
0.5701443552970886
0.36699068546295166
0.31635206937789917
0.7086848616600037
0.6423027515411377
0.807525634765625
0.635323703289032
0.6707589626312256
0.5455819368362427
0.5986089706420898
0.5684722661972046
0.5466151833534241
0.43298426270484924
0.15238869190216064
0.5834782123565674
0.7173933982849121
0.28476855158805847
0.1276710480451584
0.5610874891281128
0.5298952460289001
0.5968838334083557
0.31422632932662964
0.43802300095558167
0.47459834814071655
0.5556817054748535
0.6240338087081909
0.23194122314453125
0.395027756690979
0.24003951251506805
0.23825591802597046
0.5209968090057373
0.7172352075576782
0.58740234375
0.5606310367584229
0.6101192235946655
0.6562020778656006
0.7753172516822815
0.6404228806495667
0.5291919112205505
0.3010278642177582
0.2721942365169525
0.4946732819080353
0.27888157963752747
0.7385003566741943
0.757382333278656
0.41185665130615234
0.5506275296211243
0.4496535658836365
0.6779170632362366
0.28696975111961365
0.5140745639801025
0.6549333333969116
0.762931764125824
0.38441145420074463
0.5184565186500549
0.5453037619590759
0.2925662100315094
0.8339834213256836
0.5551684498786926
0.3812277913093567
0.4429081082344055
0.7438749670982361
0.6436064839363098
0.553357720375061
0.3826647102832794
0.6526495814323425
0.662525475025177
0.7339061498641968
0.6506127715110779
0.3814671039581299
0.6989215612411499
0.5241785049438477
0.5981396436691284
0.526599645614624
0.31482213735580444
0.7228040099143982
0.5806152820587158
0.2814731299877167
0.5972776412963867
0.268799364566803
0.5530341267585754
0.5860706567764282
0.6505096554756165
0.1523193120956421
0.3524714708328247
0.5525991916656494
0.24440276622772217
0.17707906663417816
0.7109365463256836
0.48057854175567627
0.697732150554657
0.5207648873329163
0.25464996695518494
0.5945702791213989
0.31576430797576904
0.6571401357650757
0.3214833736419678
0.6306012868881226
0.7193693518638611
0.4715634882450104
0.6028148531913757
0.40013623237609863
0.45538529753685
0.5896283388137817
0.45909956097602844
0.46127286553382874
0.5636316537857056
0.5459184050559998
0.5460829138755798
0.40710973739624023
0.5513894557952881
0.5192939639091492
0.29800596833229065
0.41437485814094543
0.525516152381897
0.43294575810432434
0.5379549264907837
0.08940140902996063
0.5782914161682129
0.2995593249797821
0.21326705813407898
0.5534607768058777
0.6488704681396484
0.30169615149497986
0.6465016007423401
0.5195556282997131
0.348663330078125
0.5305542945861816
0.3190956711769104
0.644645631313324
0.7218990325927734
0.5060493350028992
0.41880908608436584
0.5237256288528442
0.33006513118743896
0.4753114581108093
0.1626502424478531
0.7456021308898926
0.37628161907196045
0.6528047323226929
0.6156709790229797
0.654965877532959
0.5580063462257385
0.49246111512184143
0.17373792827129364
0.5255903601646423
0.707427442073822
0.49346357583999634
0.5109313130378723
0.29640859365463257
0.7124664783477783
0.5547271370887756
0.3375241160392761
0.5597934722900391
0.1477489322423935
0.5772953629493713
0.5160015225410461
0.6851333975791931
0.5104368329048157
0.5360894203186035
0.5791645050048828
0.5361430048942566
0.5697014927864075
0.4408070743083954
0.13956628739833832
0.40085312724113464
0.6085339188575745
0.4362965524196625
0.6314123868942261
0.6209421753883362
0.604517936706543
0.6457026600837708
0.36838260293006897
0.9130934476852417
0.7468015551567078
0.33348652720451355
0.6337707042694092
0.6997014880180359
0.7287194728851318
0.49565738439559937
0.25326576828956604
0.3039310872554779
0.41195014119148254
0.6070796251296997
0.3513295650482178
0.5918964147567749
0.3682096004486084
0.6465758681297302
0.6070287227630615
