0.5735062956809998
0.48593106865882874
0.4966769814491272
0.42665478587150574
0.7261214256286621
0.3054661154747009
0.4279768466949463
0.38962820172309875
0.47263607382774353
0.23490317165851593
0.5222384929656982
0.7318965196609497
0.5107954144477844
0.2232409119606018
0.32966455817222595
0.4752592146396637
0.41060760617256165
0.5716716647148132
0.3332785367965698
0.5621939301490784
0.6612926721572876
0.3378329575061798
0.32088518142700195
0.5878005027770996
0.37009352445602417
0.27456986904144287
0.5990163683891296
0.523606538772583
0.6372138261795044
0.17187409102916718
0.36527708172798157
0.423690527677536
0.3940940797328949
0.37435364723205566
0.22894029319286346
0.5055671334266663
0.5672756433486938
0.4928661286830902
0.34919047355651855
0.3041289150714874
0.3975304365158081
0.29410579800605774
0.5402984619140625
0.6479198336601257
0.5377084016799927
0.4392153024673462
0.8055332899093628
0.7999904155731201
0.7969475984573364
0.36395424604415894
0.3683711588382721
0.2136104702949524
0.27196213603019714
0.4850006401538849
0.3434193432331085
0.6154881715774536
0.8198015689849854
0.5076830983161926
0.631389856338501
0.19396063685417175
0.3271240293979645
0.7099616527557373
0.23697492480278015
0.6112504005432129
0.42984819412231445
0.46610260009765625
0.31004026532173157
0.2896789014339447
0.23194871842861176
0.500635027885437
0.5490754842758179
0.29623943567276
0.6802647709846497
0.6167555451393127
0.28427499532699585
0.4370622932910919
0.6335221529006958
0.5450937151908875
0.504763662815094
0.27330175042152405
0.3493229150772095
0.6556729078292847
0.4706933796405792
0.48200640082359314
0.4228968918323517
0.6295261383056641
0.26908624172210693
0.4153306186199188
0.19524133205413818
0.5177173018455505
0.7736070156097412
0.49391746520996094
0.5044034123420715
0.47429558634757996
0.3778785765171051
0.7275815606117249
0.4858471751213074
0.2798048257827759
0.45431971549987793
0.5013992786407471
0.2221052348613739
0.5884646773338318
0.6160327196121216
0.5423687100410461
0.9204381704330444
0.2769934833049774
0.2900896966457367
0.20770889520645142
0.7776275873184204
0.4547092318534851
0.5094212293624878
0.4003189206123352
0.31206339597702026
0.8031095266342163
0.6351683735847473
0.6577222943305969
0.6539792418479919
0.412146657705307
0.6112383008003235
0.5150183439254761
0.41561734676361084
0.8129923343658447
0.5939176082611084
0.5546516180038452
0.6130445003509521
0.4314005672931671
0.7203974723815918
0.8018971085548401
0.2631973624229431
0.4588329792022705
0.6335957050323486
0.259414941072464
0.5846801400184631
0.6381181478500366
0.4509635269641876
0.3515468239784241
0.4376736581325531
0.28189462423324585
0.43205714225769043
0.4489794671535492
0.47695356607437134
0.840591311454773
0.6578942537307739
0.7495698928833008
0.48208510875701904
0.6524656414985657
0.3301679790019989
0.22812330722808838
0.36953315138816833
0.5597356557846069
0.504852831363678
0.6686676144599915
0.5741718411445618
0.09341060370206833
0.40170425176620483
0.403889924287796
0.4653903543949127
0.7444891333580017
0.609470009803772
0.18656358122825623
0.5132154226303101
0.3180481791496277
0.27991631627082825
0.5928385257720947
0.4252810776233673
0.37844473123550415
0.6639851927757263
0.2792932093143463
0.7002583742141724
0.6104088425636292
0.5487054586410522
0.28626248240470886
0.5486973524093628
0.386139452457428
0.5283445715904236
0.5297783017158508
0.5524940490722656
0.35876500606536865
0.740543782711029
0.2995867431163788
0.2805752158164978
0.33900120854377747
0.4037460684776306
0.805347740650177
0.5474742650985718
0.4761229157447815
0.504075825214386
0.4540034830570221
0.507895290851593
0.3349129855632782
0.638329267501831
0.769981324672699
0.5279330611228943
0.13579528033733368
0.8134031891822815
0.3133475184440613
0.27390679717063904
0.2686552107334137
0.4613710343837738
0.38933584094047546
0.5707087516784668
0.43560922145843506
0.24481616914272308
0.2558383643627167
0.5818708539009094
0.0698687806725502
0.513860285282135
0.36414602398872375
0.3920288681983948
0.1863977611064911
0.43067795038223267
0.453612357378006
0.2587689459323883
0.4833596646785736
0.523242712020874
0.1752728968858719
0.3797180950641632
0.49401038885116577
0.46353909373283386
0.5351404547691345
0.7604647874832153
0.5608618259429932
0.21515630185604095
0.6450063586235046
0.4643681049346924
0.4042542278766632
0.3187868893146515
0.8544617891311646
0.3053078055381775
0.5002725720405579
0.4433155357837677
0.6795742511749268
0.6551474332809448
0.455105185508728
0.5136106610298157
0.4903060495853424
0.6582275032997131
0.48448696732521057
0.7034749984741211
0.5581939220428467
0.30793705582618713
0.6334168314933777
0.7046458721160889
0.6590226888656616
0.47985729575157166
0.47977274656295776
0.5177061557769775
