# VERSION_SNANA      = v10_59g 
# VERSION_PHOTOMETRY = model42 
# SNANA_VERSION : v10_59g 
# TABLE NAME: FITRES 
# 
NVAR: 34 
VARNAMES:  CID IDSURVEY TYPE FIELD CUTFLAG_SNANA zHEL zHELERR zCMB zCMBERR zHD zHDERR VPEC VPECERR HOST_LOGMASS HOST_LOGMASS_ERR SNRMAX1 SNRMAX2 SNRMAX3 PKMJD PKMJDERR x1 x1ERR c cERR mB mBERR x0 x0ERR COV_x1_c COV_x1_x0 COV_c_x0 NDOF FITCHI2 FITPROB 

SN: 104971 133 42 NULL 1 0.27196 0.00010 0.27196 0.00010 0.27196 0.00010 0 0 -9 -9 19.4405 19.2143 18.9555 60279.141 0.294 -3.94593e+00 0.3909 0.4167 3.55169e-02 22.9532 4.35624e-02 1.18233e-05 4.74378e-07 4.05130e-03 -6.98397e-08 -1.38786e-08 39 62.2738 1.03474e-02
SN: 105997 133 42 NULL 1 0.48500 0.00010 0.48500 0.00010 0.48500 0.00010 0 0 -9 -9 8.9731 7.0765 7.0162 59792.656 0.661 -2.93215e+00 0.5824 0.4706 8.53178e-02 24.8781 9.45912e-02 2.00798e-06 1.74939e-07 7.84392e-03 -5.19890e-08 -1.06935e-08 61 55.4022 0.6781
SN: 108596 133 42 NULL 1 0.61549 0.00010 0.61549 0.00010 0.61549 0.00010 0 0 -9 -9 10.0319 9.3028 8.0626 60357.547 0.715 -3.03025e+00 0.5565 0.4076 7.79209e-02 24.8494 6.24194e-02 2.06182e-06 1.18535e-07 -1.32428e-03 -2.36861e-08 -4.64369e-09 66 70.9682 0.3157
SN: 108874 133 42 NULL 1 0.81980 0.00010 0.81980 0.00010 0.81980 0.00010 0 0 -9 -9 6.4486 5.2536 3.9566 59901.500 0.884 -3.26173e+00 0.6320 0.6431 0.1462 25.2698 8.28410e-02 1.39987e-06 1.06809e-07 -2.04355e-03 -3.06780e-08 -3.94061e-09 48 47.6557 0.5277
SN: 112789 133 42 NULL 1 0.50768 0.00010 0.50768 0.00010 0.50768 0.00010 0 0 -9 -9 16.1226 15.8464 13.5007 60593.863 0.433 -3.64192e+00 0.3599 0.4511 4.77338e-02 24.0437 5.32682e-02 4.33026e-06 2.12450e-07 2.44796e-03 -2.94072e-08 -7.50456e-09 45 67.9915 1.50065e-02
SN: 114840 133 42 NULL 1 0.63139 0.00010 0.63139 0.00010 0.63139 0.00010 0 0 -9 -9 7.1069 6.2614 5.2313 60143.062 1.065 -3.35908e+00 0.7847 0.3394 0.1866 25.1437 0.1806 1.57230e-06 2.61546e-07 4.96413e-02 -1.16984e-07 -3.53529e-08 56 54.0663 0.5484
SN: 122904 133 42 NULL 1 0.23697 0.00010 0.23697 0.00010 0.23697 0.00010 0 0 -9 -9 19.6409 19.6136 16.4969 59916.617 0.374 -4.21679e+00 0.4978 0.6559 5.09227e-02 22.4096 5.86374e-02 1.95052e-05 1.05342e-06 6.52659e-03 -2.10670e-07 -4.20740e-08 17 24.5791 0.1370
SN: 129206 133 42 NULL 1 0.61125 0.00010 0.61125 0.00010 0.61125 0.00010 0 0 -9 -9 10.3420 10.0112 9.4918 60605.121 0.655 -4.74438e+00 0.6424 0.4585 7.61515e-02 25.1897 6.23118e-02 1.50706e-06 8.64923e-08 1.99089e-03 -2.13354e-08 -3.98322e-09 63 68.9773 0.2825
SN: 130079 133 42 NULL 1 0.42985 0.00010 0.42985 0.00010 0.42985 0.00010 0 0 -9 -9 10.8547 10.2138 9.2054 60165.863 0.136 -3.13994e+00 0.6221 0.6004 8.37432e-02 25.3251 9.25206e-02 1.33027e-06 1.13359e-07 7.61190e-03 -2.41381e-08 -7.47022e-09 61 70.0699 0.1995
SN: 132638 133 42 NULL 1 0.46610 0.00010 0.46610 0.00010 0.46610 0.00010 0 0 -9 -9 15.0218 14.5926 11.8594 60236.379 0.519 -2.63543e+00 0.4560 0.6875 5.69068e-02 24.7756 6.01009e-02 2.20674e-06 1.22154e-07 1.13844e-03 -1.53118e-08 -5.13198e-09 56 70.3208 0.1106
SN: 141233 133 42 NULL 1 0.28968 0.00010 0.28968 0.00010 0.28968 0.00010 0 0 -9 -9 16.0625 15.0218 13.3911 60577.402 0.579 -2.77090e+00 0.3816 0.3650 5.38773e-02 23.8033 7.17131e-02 5.40375e-06 3.56919e-07 3.77816e-03 -5.58422e-08 -1.54926e-08 61 81.1403 4.33401e-02
SN: 142339 133 42 NULL 1 0.23195 0.00010 0.23195 0.00010 0.23195 0.00010 0 0 -9 -9 13.7281 12.6544 5.2600 59912.973 0.513 -2.98416e+00 0.5173 0.4961 8.86569e-02 24.4571 0.1099 2.95897e-06 2.99516e-07 1.20666e-02 -7.02203e-08 -2.34726e-08 20 29.4313 7.96077e-02
SN: 14308 133 42 NULL 1 0.42798 0.00010 0.42798 0.00010 0.42798 0.00010 0 0 -9 -9 15.6632 15.5908 14.2395 59881.094 0.618 -4.03093e+00 1.0421 0.5300 1.57346e-02 24.0453 4.16241e-02 4.32388e-06 1.65765e-07 3.55258e-03 -8.27912e-08 -1.00897e-09 16 21.2833 0.2139
SN: 14586 133 42 NULL 1 0.38963 0.00010 0.38963 0.00010 0.38963 0.00010 0 0 -9 -9 8.5303 7.1710 5.3720 60062.828 1.125 -1.39710e+00 1.3582 0.8706 0.1505 25.4977 0.2553 1.13484e-06 2.66822e-07 0.1275 -2.98865e-07 -3.69715e-08 16 11.6157 0.8228
SN: 147393 133 42 NULL 1 0.50064 0.00010 0.50064 0.00010 0.50064 0.00010 0 0 -9 -9 15.2916 14.7095 14.6848 59867.777 0.485 -3.50877e+00 0.4403 0.6299 2.31377e-02 24.5453 3.57274e-02 2.72828e-06 8.97773e-08 5.47205e-04 -1.23974e-08 -1.01702e-09 41 74.4002 1.51489e-03
SN: 148482 133 42 NULL 1 0.54908 0.00010 0.54908 0.00010 0.54908 0.00010 0 0 -9 -9 6.1902 6.1557 5.3695 60637.000 0.952 -2.61614e+00 1.0084 0.5118 0.1109 25.6142 9.21093e-02 1.01935e-06 8.64770e-08 1.49525e-02 -3.09799e-08 -6.07822e-09 19 17.3473 0.5664
SN: 148681 133 42 NULL 1 0.29624 0.00010 0.29624 0.00010 0.29624 0.00010 0 0 -9 -9 13.8460 13.5950 12.6240 60394.801 0.398 -2.56219e+00 0.4420 0.6442 5.85731e-02 24.2243 7.99810e-02 3.66665e-06 2.70105e-07 5.73675e-03 -5.09085e-08 -1.35935e-08 28 55.6314 2.08940e-03
SN: 148868 133 42 NULL 1 0.68026 0.00010 0.68026 0.00010 0.68026 0.00010 0 0 -9 -9 7.4081 5.1428 4.1760 59922.406 0.338 -1.23565e+00 1.5064 0.7089 0.1445 25.7055 0.1076 9.37149e-07 9.28420e-08 7.22306e-02 -7.77106e-08 -8.44913e-09 24 46.9128 5.02055e-03
SN: 150021 133 42 NULL 1 0.61676 0.00010 0.61676 0.00010 0.61676 0.00010 0 0 -9 -9 8.2963 7.4078 7.0315 60411.395 0.863 -4.36392e+00 0.7658 0.2564 0.1149 25.1414 9.27986e-02 1.57553e-06 1.34662e-07 4.50110e-03 -4.74595e-08 -6.75117e-09 26 26.1871 0.4529
SN: 150648 133 42 NULL 1 0.28427 0.00010 0.28427 0.00010 0.28427 0.00010 0 0 -9 -9 18.9247 18.8750 18.1052 59834.824 0.186 -2.47163e+00 0.3322 0.4455 4.52862e-02 23.2674 6.25565e-02 8.85177e-06 5.10009e-07 3.43801e-03 -8.65333e-08 -1.82200e-08 40 70.8244 1.90131e-03
SN: 151565 133 42 NULL 1 0.43706 0.00010 0.43706 0.00010 0.43706 0.00010 0 0 -9 -9 12.2802 10.0902 9.0064 60592.344 0.558 -4.63003e+00 0.5818 0.4606 7.50807e-02 24.8789 8.54469e-02 2.00659e-06 1.57918e-07 5.33396e-03 -3.31969e-08 -9.18665e-09 45 42.5270 0.5773
SN: 154606 133 42 NULL 1 0.63352 0.00010 0.63352 0.00010 0.63352 0.00010 0 0 -9 -9 13.0508 12.5720 12.3516 59870.457 0.263 -5.00000e+00 1.2371 0.4354 6.40517e-02 24.5516 4.55157e-02 2.71248e-06 1.13711e-07 3.44680e-08 -1.62475e-13 -4.20744e-09 28 22.4541 0.7598
SN: 158401 133 42 NULL 1 0.54509 0.00010 0.54509 0.00010 0.54509 0.00010 0 0 -9 -9 10.0841 9.8802 8.4688 59967.801 0.728 -3.12000e+00 0.7864 0.3725 7.84480e-02 24.9851 7.90772e-02 1.81947e-06 1.32517e-07 1.33965e-02 -5.38263e-08 -6.93601e-09 56 60.1757 0.3271
SN: 160233 133 42 NULL 1 0.50476 0.00010 0.50476 0.00010 0.50476 0.00010 0 0 -9 -9 6.4605 6.2660 5.4000 60567.094 1.603 -2.60509e+00 0.7365 0.5762 0.1138 25.4383 0.1406 1.19860e-06 1.55270e-07 -1.17642e-03 -4.58610e-08 -1.06869e-08 60 51.4061 0.7775
SN: 160832 133 42 NULL 1 0.27330 0.00010 0.27330 0.00010 0.27330 0.00010 0 0 -9 -9 18.2494 16.6652 15.8366 60242.508 0.520 -1.67225e+00 0.5289 0.5504 4.43538e-02 23.7191 5.46842e-02 5.83953e-06 2.94114e-07 1.03200e-02 -6.56652e-08 -1.09901e-08 16 54.7465 3.91375e-06
SN: 165838 133 42 NULL 1 0.34932 0.00010 0.34932 0.00010 0.34932 0.00010 0 0 -9 -9 17.6163 17.3985 15.6424 59840.203 0.634 -3.00987e+00 0.3618 0.5795 5.42175e-02 24.0862 7.21102e-02 4.16413e-06 2.76564e-07 3.74082e-03 -4.17420e-08 -1.21219e-08 44 58.2966 7.29792e-02
SN: 178097 133 42 NULL 1 0.42290 0.00010 0.42290 0.00010 0.42290 0.00010 0 0 -9 -9 5.9984 4.9525 4.5553 60594.012 1.986 -1.14604e+00 1.3958 0.7601 9.41612e-02 26.1989 0.1501 5.94878e-07 8.22434e-08 1.53496e-02 -5.18897e-08 -5.37478e-09 45 58.3670 0.1043
SN: 183311 133 42 NULL 1 0.62953 0.00010 0.62953 0.00010 0.62953 0.00010 0 0 -9 -9 9.4828 8.9523 7.0860 59836.816 0.916 -3.53520e+00 0.6917 0.4273 8.35561e-02 25.1627 6.50882e-02 1.54493e-06 9.26158e-08 6.55477e-04 -2.41717e-08 -3.90230e-09 52 66.0027 9.17170e-02
SN: 183359 133 42 NULL 1 0.26909 0.00010 0.26909 0.00010 0.26909 0.00010 0 0 -9 -9 16.7643 16.5702 13.8983 60644.875 0.317 -3.07596e+00 0.4620 0.3987 4.84545e-02 24.0959 6.31715e-02 4.12700e-06 2.40122e-07 8.66765e-03 -6.01820e-08 -9.90024e-09 32 81.3817 3.50822e-06
SN: 187268 133 42 NULL 1 0.19524 0.00010 0.19524 0.00010 0.19524 0.00010 0 0 -9 -9 15.9040 15.4999 5.3242 60064.078 0.187 -4.02700e+00 0.7310 0.4900 3.13558e-02 23.7050 7.31583e-02 5.91543e-06 3.98589e-07 3.21533e-03 -1.47933e-07 -6.10256e-09 13 16.3178 0.2324
SN: 191290 133 42 NULL 1 0.51772 0.00010 0.51772 0.00010 0.51772 0.00010 0 0 -9 -9 8.9081 8.6472 6.7705 60581.410 0.617 -3.28010e+00 0.5516 0.6602 7.55028e-02 24.9318 8.31883e-02 1.91102e-06 1.46421e-07 6.32112e-03 -3.67268e-08 -8.41515e-09 50 46.8169 0.6404
SN: 191406 133 42 NULL 1 0.77361 0.00010 0.77361 0.00010 0.77361 0.00010 0 0 -9 -9 7.3648 6.0401 2.4972 60280.895 2.526 -3.77057e+00 2.5509 0.5797 0.1658 25.5128 0.1039 1.11914e-06 1.07142e-07 0.1429 -1.93066e-07 -8.10226e-09 16 7.9111 0.9515
SN: 193567 133 42 NULL 1 0.49392 0.00010 0.49392 0.00010 0.49392 0.00010 0 0 -9 -9 6.1591 4.3577 4.0175 60559.234 0.836 -5.83083e-01 1.0673 0.5447 0.1106 25.4052 0.1459 1.23571e-06 1.66056e-07 -5.48265e-03 -1.30085e-07 -8.08116e-09 65 41.4986 0.9898
SN: 197543 133 42 NULL 1 0.47430 0.00010 0.47430 0.00010 0.47430 0.00010 0 0 -9 -9 12.9590 11.4674 9.4275 60245.023 0.768 -2.20406e+00 0.3922 0.2685 5.69238e-02 24.4216 6.54504e-02 3.05746e-06 1.84310e-07 -2.41335e-03 -1.91859e-08 -5.96326e-09 56 55.9110 0.4782
SN: 198045 133 42 NULL 1 0.37788 0.00010 0.37788 0.00010 0.37788 0.00010 0 0 -9 -9 14.0687 13.1532 12.0193 60500.504 0.453 -2.34413e+00 0.4960 0.3865 6.29532e-02 23.9527 7.73170e-02 4.70883e-06 3.35323e-07 1.68863e-03 -7.95872e-08 -1.53219e-08 32 35.8060 0.2943
SN: 199634 133 42 NULL 1 0.72758 0.00010 0.72758 0.00010 0.72758 0.00010 0 0 -9 -9 7.5938 4.6984 4.5286 59930.656 0.012 -4.74936e+00 2.97520e-02 0.2706 0.1252 25.9417 7.54577e-02 7.53938e-07 5.23980e-08 3.46775e-03 -4.04815e-11 -1.75411e-10 28 28.3195 0.4476
SN: 207333 133 42 NULL 1 0.48585 0.00010 0.48585 0.00010 0.48585 0.00010 0 0 -9 -9 11.4421 10.4261 9.3106 59759.242 0.688 -3.24292e+00 0.6500 0.5536 7.89725e-02 24.7873 8.07691e-02 2.18308e-06 1.62402e-07 7.69587e-03 -5.03796e-08 -8.73079e-09 50 44.2899 0.7009
SN: 207563 133 42 NULL 1 0.27980 0.00010 0.27980 0.00010 0.27980 0.00010 0 0 -9 -9 12.6263 12.3752 11.6290 59830.836 0.942 -2.28852e+00 0.3888 0.7573 6.91076e-02 24.5837 0.1105 2.63339e-06 2.68074e-07 2.73999e-03 -2.97903e-08 -1.51594e-08 57 61.0085 0.3683
SN: 208235 133 42 NULL 1 0.45432 0.00010 0.45432 0.00010 0.45432 0.00010 0 0 -9 -9 15.3550 12.6616 11.2012 60619.426 0.768 -2.87826e+00 0.7502 0.4142 5.43850e-02 24.3009 5.40466e-02 3.41709e-06 1.70099e-07 1.25124e-02 -5.55307e-08 -6.50112e-09 20 14.8654 0.7841
SN: 208549 133 42 NULL 1 0.50140 0.00010 0.50140 0.00010 0.50140 0.00010 0 0 -9 -9 6.2825 5.1663 4.4848 59893.016 0.325 -2.80459e+00 1.1517 0.5383 0.1119 25.6841 0.1121 9.55758e-07 9.86729e-08 2.86287e-03 -5.63842e-08 -6.66158e-09 51 53.0597 0.3947
SN: 212120 133 42 NULL 1 0.58846 0.00010 0.58846 0.00010 0.58846 0.00010 0 0 -9 -9 6.6015 5.4874 5.0097 60234.340 0.692 -3.60150e+00 1.3149 0.4267 0.1224 25.6956 0.1041 9.45691e-07 9.07085e-08 1.72672e-04 -6.41402e-08 -4.33204e-09 61 57.5228 0.6027
SN: 212762 133 42 NULL 1 0.61603 0.00010 0.61603 0.00010 0.61603 0.00010 0 0 -9 -9 10.0115 9.8563 4.8416 59779.492 0.541 -3.22699e+00 0.5812 0.7224 8.41382e-02 24.6975 8.22431e-02 2.37130e-06 1.79623e-07 8.38018e-03 -4.95761e-08 -1.11753e-08 52 63.0819 0.1618
SN: 213628 133 42 NULL 1 0.54237 0.00010 0.54237 0.00010 0.54237 0.00010 0 0 -9 -9 9.8048 7.4919 5.6267 60246.652 0.253 -1.91388e+00 0.6606 0.3243 8.89677e-02 25.1291 9.48610e-02 1.59360e-06 1.39233e-07 5.29111e-03 -5.49895e-08 -5.86841e-09 51 41.8567 0.8156
SN: 217446 133 42 NULL 1 0.27699 0.00010 0.27699 0.00010 0.27699 0.00010 0 0 -9 -9 18.4376 17.1725 15.5430 60512.352 0.086 -1.70590e+00 0.3347 0.2736 4.40619e-02 22.6725 6.11539e-02 1.53111e-05 8.62394e-07 3.52910e-03 -1.28752e-07 -3.07552e-08 41 34.9492 0.7355
SN: 227216 133 42 NULL 1 0.29009 0.00010 0.29009 0.00010 0.29009 0.00010 0 0 -9 -9 17.9167 16.5127 14.9695 59853.926 0.338 -2.82644e+00 0.2505 0.5668 4.53814e-02 23.6573 5.74478e-02 6.18155e-06 3.27075e-07 2.86259e-03 -3.18563e-08 -1.28074e-08 44 87.6498 1.00743e-04
SN: 232690 133 42 NULL 1 0.77763 0.00010 0.77763 0.00010 0.77763 0.00010 0 0 -9 -9 4.4739 3.1974 2.3466 60617.027 2.219 -3.69646e+00 1.1473 0.9823 2.5761 26.3991 0.2373 4.94742e-07 1.08152e-07 -7.15201e-01 9.27612e-08 -6.05228e-08 39 39.0412 0.5133
SN: 23272 133 42 NULL 1 0.52224 0.00010 0.52224 0.00010 0.52224 0.00010 0 0 -9 -9 10.3402 9.4655 8.2438 60595.801 0.198 -3.88073e+00 0.1045 0.4600 3.15752e-02 25.0040 4.67211e-02 1.78807e-06 7.69439e-08 -2.51160e-03 1.14466e-09 -6.99470e-10 45 42.7687 0.5669
SN: 234329 133 42 NULL 1 0.45471 0.00010 0.45471 0.00010 0.45471 0.00010 0 0 -9 -9 17.3101 17.1040 15.8950 60371.500 0.347 -3.49051e+00 0.3007 0.3927 3.83249e-02 23.3899 4.30150e-02 7.90721e-06 3.13270e-07 1.50554e-03 -2.76980e-08 -9.08570e-09 55 98.4303 2.91419e-04
SN: 237382 133 42 NULL 1 0.50942 0.00010 0.50942 0.00010 0.50942 0.00010 0 0 -9 -9 6.0638 5.6904 5.5128 60049.422 2.262 -3.23921e-01 1.3470 0.5993 0.1363 25.9001 0.1345 7.83348e-07 9.70105e-08 8.54725e-03 -4.10223e-08 -9.33164e-09 21 17.4906 0.6810
SN: 240129 133 42 NULL 1 0.31206 0.00010 0.31206 0.00010 0.31206 0.00010 0 0 -9 -9 11.8249 10.5473 8.2977 59765.414 0.931 -3.22495e+00 0.5828 0.3951 7.45912e-02 24.8472 9.36899e-02 2.06592e-06 1.78271e-07 9.22412e-03 -4.00167e-08 -1.05696e-08 40 26.8843 0.9441
SN: 247921 133 42 NULL 1 0.65772 0.00010 0.65772 0.00010 0.65772 0.00010 0 0 -9 -9 7.0054 6.7189 6.2320 60597.234 0.944 -3.64590e+00 0.7896 0.4641 9.49002e-02 25.1810 7.71068e-02 1.51916e-06 1.07888e-07 1.73362e-02 -3.86850e-08 -6.15583e-09 45 30.8799 0.9461
SN: 248359 133 42 NULL 1 0.65398 0.00010 0.65398 0.00010 0.65398 0.00010 0 0 -9 -9 6.9021 5.9097 5.0231 60162.523 0.233 -3.21042e+00 1.1282 0.5390 0.1372 25.5603 0.1115 1.07120e-06 1.09992e-07 7.84443e-03 -6.36977e-08 -7.57234e-09 52 60.4733 0.1965
SN: 252356 133 42 NULL 1 0.51502 0.00010 0.51502 0.00010 0.51502 0.00010 0 0 -9 -9 9.3358 7.9797 7.9530 60161.188 0.896 -3.01657e+00 0.8598 0.3313 7.56574e-02 24.9780 7.57978e-02 1.83144e-06 1.27857e-07 8.35359e-03 -5.08430e-08 -6.08474e-09 61 59.1383 0.5437
SN: 255987 133 42 NULL 1 0.81299 0.00010 0.81299 0.00010 0.81299 0.00010 0 0 -9 -9 4.6339 4.2770 2.1723 59616.082 0.356 -3.50624e+00 0.1319 0.7200 0.4581 25.5150 0.1541 1.11688e-06 1.58527e-07 3.79384e-02 -3.80857e-08 -1.64839e-08 48 46.9551 0.5564
SN: 257556 133 42 NULL 1 0.59392 0.00010 0.59392 0.00010 0.59392 0.00010 0 0 -9 -9 6.1398 5.9038 5.3535 60498.117 1.460 -2.84262e+00 1.3287 0.5175 0.1254 25.1230 0.1395 1.60250e-06 2.05891e-07 6.92468e-03 -1.65409e-07 -1.36702e-08 40 50.8557 0.1167
SN: 261617 133 42 NULL 1 0.61304 0.00010 0.61304 0.00010 0.61304 0.00010 0 0 -9 -9 5.8284 5.1552 5.1200 60606.078 1.724 -2.40770e+00 1.7075 0.5014 0.1411 25.8852 0.1076 7.94151e-07 7.87161e-08 7.99613e-02 -7.29713e-08 -5.97871e-09 23 20.8779 0.5885
SN: 262398 133 42 NULL 1 0.43140 0.00010 0.43140 0.00010 0.43140 0.00010 0 0 -9 -9 13.2441 11.8724 9.3657 59651.066 0.284 -3.42910e+00 0.5134 0.4200 1.61829e-02 24.2301 4.29749e-02 3.64732e-06 1.44366e-07 2.44848e-04 -3.17136e-08 -7.06182e-10 41 38.7833 0.5696
SN: 263963 133 42 NULL 1 0.72040 0.00010 0.72040 0.00010 0.72040 0.00010 0 0 -9 -9 5.5999 5.3919 5.1354 60224.801 1.374 -4.50921e+00 1.0958 0.2180 0.1468 25.6630 0.1018 9.74534e-07 9.14047e-08 3.65061e-02 -4.48990e-08 -2.20596e-09 66 68.5050 0.3923
SN: 276021 133 42 NULL 1 0.45883 0.00010 0.45883 0.00010 0.45883 0.00010 0 0 -9 -9 8.1396 7.1615 5.4284 59595.078 1.139 -3.84562e+00 0.9008 0.4550 8.43300e-02 24.9401 0.1010 1.89659e-06 1.76342e-07 1.03747e-04 -3.87336e-08 -8.83804e-09 46 29.8584 0.9687
SN: 27787 133 42 NULL 1 0.73190 0.00010 0.73190 0.00010 0.73190 0.00010 0 0 -9 -9 5.2340 3.9652 2.8502 60560.707 1.093 -2.04622e+00 9.30625e-02 0.4908 0.7887 25.2983 0.2371 1.36363e-06 2.97781e-07 1.04532e-02 -1.66363e-08 -9.54320e-09 55 55.2405 0.4655
SN: 27935 133 42 NULL 1 0.51080 0.00010 0.51080 0.00010 0.51080 0.00010 0 0 -9 -9 7.7930 7.5913 5.1345 59681.395 1.108 -3.61392e+00 1.1505 0.3317 0.1110 25.1195 0.1193 1.60764e-06 1.76669e-07 2.96551e-02 -1.05654e-07 -1.35037e-08 31 37.7213 0.1889
SN: 28120 133 42 NULL 1 0.22324 0.00010 0.22324 0.00010 0.22324 0.00010 0 0 -9 -9 19.1603 18.7046 17.2283 59879.289 0.309 -2.96747e+00 0.3858 0.3789 5.04474e-02 23.3181 5.94660e-02 8.44819e-06 4.62709e-07 5.68729e-03 -8.66679e-08 -1.80495e-08 17 42.6162 5.46078e-04
SN: 281606 133 42 NULL 1 0.63360 0.00010 0.63360 0.00010 0.63360 0.00010 0 0 -9 -9 10.2981 9.2997 7.4198 60010.445 0.030 -2.78839e+00 0.4589 0.4575 5.98977e-02 24.7771 1.94279e-03 2.20378e-06 3.94339e-09 -2.75279e-02 3.57078e-12 -4.73543e-13 46 51.7458 0.2596
SN: 282019 133 42 NULL 1 0.25941 0.00010 0.25941 0.00010 0.25941 0.00010 0 0 -9 -9 18.0567 16.2701 14.7528 60170.918 0.827 -1.70947e+00 0.3449 0.6440 0.2544 24.3098 0.2783 3.38898e-06 8.68573e-07 8.77498e-02 -2.94175e-07 -2.22841e-07 44 96.0705 1.44908e-05
SN: 285344 133 42 NULL 1 0.58468 0.00010 0.58468 0.00010 0.58468 0.00010 0 0 -9 -9 12.2539 12.1051 10.5422 60640.988 0.049 -4.99002e+00 2.23095e-02 0.3906 0.1397 24.6033 5.57693e-02 2.58623e-06 1.32843e-07 3.11299e-03 -2.29018e-09 -1.44420e-08 19 22.8731 0.2430
SN: 289745 133 42 NULL 1 0.63812 0.00010 0.63812 0.00010 0.63812 0.00010 0 0 -9 -9 5.9721 5.2246 3.7569 59764.816 1.813 -3.23333e+00 1.4116 0.4733 0.1746 25.6979 0.1416 9.43722e-07 1.23062e-07 5.63671e-03 -7.87092e-08 -1.06705e-08 51 36.3418 0.9397
SN: 291875 133 42 NULL 1 0.35155 0.00010 0.35155 0.00010 0.35155 0.00010 0 0 -9 -9 14.6349 12.1996 9.0264 60244.105 0.139 -2.80534e+00 0.4055 0.2899 2.05704e-02 24.3145 4.68654e-02 3.37451e-06 1.45660e-07 3.83827e-04 -2.44862e-08 -1.07013e-09 40 36.5019 0.6285
SN: 297427 133 42 NULL 1 0.28189 0.00010 0.28189 0.00010 0.28189 0.00010 0 0 -9 -9 17.6443 15.9459 14.1594 59811.367 0.161 -2.98856e+00 0.3003 0.3254 3.85781e-02 23.7659 4.66380e-02 5.59312e-06 2.40253e-07 1.78822e-03 -1.55727e-08 -7.06959e-09 52 64.0703 0.1216
SN: 304027 133 42 NULL 1 0.84059 0.00010 0.84059 0.00010 0.84059 0.00010 0 0 -9 -9 6.1850 4.7947 2.5091 60388.734 0.690 -3.12789e+00 1.1450 0.5668 0.2369 25.5563 0.1334 1.07520e-06 1.32077e-07 -5.61559e-03 -7.26126e-08 -2.67863e-09 36 35.8088 0.4776
SN: 308001 133 42 NULL 1 0.65789 0.00010 0.65789 0.00010 0.65789 0.00010 0 0 -9 -9 7.2660 6.9078 5.4609 60189.078 1.134 -3.38343e+00 0.9730 0.2526 0.1132 25.3638 9.01633e-02 1.28375e-06 1.06607e-07 1.59900e-02 -5.74581e-08 -3.45988e-09 61 61.5317 0.4569
SN: 312004 133 42 NULL 1 0.74957 0.00010 0.74957 0.00010 0.74957 0.00010 0 0 -9 -9 8.8548 6.9534 4.9452 60218.262 0.859 -4.24265e+00 0.9235 0.1847 0.1108 25.1186 8.00558e-02 1.60908e-06 1.18644e-07 2.37608e-02 -6.24243e-08 -2.51265e-09 60 53.0638 0.7250
SN: 313224 133 42 NULL 1 0.65247 0.00010 0.65247 0.00010 0.65247 0.00010 0 0 -9 -9 8.4537 8.1312 7.6292 60045.039 0.353 -2.02257e+00 0.6930 0.4601 8.96016e-02 24.9825 6.95546e-02 1.82383e-06 1.16839e-07 8.74479e-03 -3.49848e-08 -5.37199e-09 16 8.3248 0.9386
SN: 313567 133 42 NULL 1 0.33017 0.00010 0.33017 0.00010 0.33017 0.00010 0 0 -9 -9 18.8401 18.5957 17.7058 59879.367 0.238 -2.45504e+00 0.2672 0.3520 3.54363e-02 23.5682 4.48000e-02 6.70973e-06 2.76859e-07 2.68377e-03 -3.50788e-08 -7.78056e-09 60 114.6581 2.76109e-05
SN: 317457 133 42 NULL 1 0.36953 0.00010 0.36953 0.00010 0.36953 0.00010 0 0 -9 -9 8.8890 8.1008 7.8454 59788.777 0.483 -2.55192e+00 0.7337 0.5584 9.02239e-02 24.9042 0.1215 1.96021e-06 2.19410e-07 2.96391e-02 -1.01696e-07 -1.74137e-08 48 64.5342 5.57349e-02
SN: 320158 133 42 NULL 1 0.55974 0.00010 0.55974 0.00010 0.55974 0.00010 0 0 -9 -9 8.6730 8.3018 8.0377 60614.348 0.647 -4.62628e+00 0.8282 0.5447 8.58078e-02 25.4980 8.15747e-02 1.13447e-06 8.52364e-08 1.11936e-02 -3.27364e-08 -5.12175e-09 59 50.2072 0.7856
SN: 320188 133 42 NULL 1 0.50485 0.00010 0.50485 0.00010 0.50485 0.00010 0 0 -9 -9 14.0501 13.7807 11.7370 59942.105 0.100 5 0.1647 0.6680 5.45627e-02 25.3187 4.99956e-02 1.33821e-06 6.16216e-08 3.57181e-11 3.06714e-15 -2.29671e-09 26 79.8149 4.02824e-07
SN: 320582 133 42 NULL 1 0.66867 0.00010 0.66867 0.00010 0.66867 0.00010 0 0 -9 -9 9.2536 8.8255 7.8122 60643.273 0.947 -3.67291e+00 1.3002 0.3630 9.56487e-02 24.9193 7.81126e-02 1.93321e-06 1.39084e-07 4.56882e-02 -1.08434e-07 -5.04817e-09 25 24.0334 0.5174
SN: 322431 133 42 NULL 1 0.09341 0.00010 0.09341 0.00010 0.09341 0.00010 0 0 -9 -9 19.8643 19.8284 19.6122 60395.441 0.275 -2.70050e+00 0.3649 0.7023 4.99159e-02 21.5057 6.67137e-02 4.48445e-05 2.75550e-06 2.08152e-03 -4.06240e-07 -1.10552e-07 21 58.7683 3.39349e-05
SN: 327510 133 42 NULL 1 0.40389 0.00010 0.40389 0.00010 0.40389 0.00010 0 0 -9 -9 9.5437 9.1994 7.6329 60210.855 0.134 -2.49885e+00 0.4983 0.6684 7.60197e-02 25.1558 9.40755e-02 1.55489e-06 1.34726e-07 8.92203e-03 -2.81415e-08 -8.84829e-09 46 48.0170 0.4314
SN: 329886 133 42 NULL 1 0.46539 0.00010 0.46539 0.00010 0.46539 0.00010 0 0 -9 -9 10.7055 10.6767 10.4387 60248.879 0.406 0.9634 0.9559 0.6912 7.13387e-02 25.0129 7.60455e-02 1.77351e-06 1.24217e-07 3.22652e-03 -5.58535e-08 -5.65580e-09 11 21.5896 4.23851e-02
SN: 329954 133 42 NULL 1 0.74449 0.00010 0.74449 0.00010 0.74449 0.00010 0 0 -9 -9 7.5739 6.6922 3.7795 59880.996 0.365 -3.63056e+00 0.8080 0.7931 0.1283 25.4857 9.08675e-02 1.14742e-06 9.60299e-08 1.79581e-02 -4.20338e-08 -6.90778e-09 64 70.2592 0.3059
SN: 332142 133 42 NULL 1 0.60947 0.00010 0.60947 0.00010 0.60947 0.00010 0 0 -9 -9 4.9975 4.1556 3.6338 59653.324 1.597 -2.62914e+00 1.7596 0.3248 0.1564 25.4408 0.1447 1.19582e-06 1.59422e-07 7.84107e-02 -1.98779e-07 -1.25168e-08 32 32.9414 0.4208
SN: 333125 133 42 NULL 1 0.18656 0.00010 0.18656 0.00010 0.18656 0.00010 0 0 -9 -9 18.4523 18.3824 9.0095 60139.184 0.142 -2.91350e+00 0.2064 9.49998e-02 5.27076e-02 22.7829 7.94691e-02 1.38302e-05 1.01229e-06 1.57656e-03 -1.11048e-07 -2.95320e-08 28 28.4359 0.4415
SN: 333136 133 42 NULL 1 0.51322 0.00010 0.51322 0.00010 0.51322 0.00010 0 0 -9 -9 10.0563 8.3845 7.5161 60193.309 0.794 -3.23246e+00 0.7206 0.4090 8.54925e-02 25.2417 7.85381e-02 1.43653e-06 1.03913e-07 3.60264e-03 -3.07254e-08 -5.36717e-09 56 61.8810 0.2743
SN: 333522 133 42 NULL 1 0.31805 0.00010 0.31805 0.00010 0.31805 0.00010 0 0 -9 -9 16.9680 16.5207 16.3755 60198.777 0.410 -2.07573e+00 0.2951 0.5530 4.14707e-02 24.0112 5.32601e-02 4.46203e-06 2.18882e-07 2.62619e-03 -2.13177e-08 -7.56248e-09 44 71.3181 5.68139e-03
SN: 335688 133 42 NULL 1 0.27992 0.00010 0.27992 0.00010 0.27992 0.00010 0 0 -9 -9 11.2558 7.7929 7.7118 60253.215 0.736 -3.39474e+00 0.5000 0.2057 8.51029e-02 24.1298 0.1092 4.00033e-06 4.02523e-07 5.59690e-03 -7.03845e-08 -2.81575e-08 28 34.5568 0.1831
SN: 343652 133 42 NULL 1 0.59284 0.00010 0.59284 0.00010 0.59284 0.00010 0 0 -9 -9 9.1662 8.9007 6.8975 60631.469 0.593 -4.43643e+00 1.0252 0.5028 8.49380e-02 25.0728 7.69952e-02 1.67841e-06 1.19025e-07 1.97475e-02 -6.86654e-08 -6.39689e-09 35 34.1535 0.5088
SN: 348161 133 42 NULL 1 0.42528 0.00010 0.42528 0.00010 0.42528 0.00010 0 0 -9 -9 15.1688 13.9359 12.4243 59846.820 0.313 -3.17499e+00 0.4056 0.3028 4.35894e-02 24.1028 5.37741e-02 4.10100e-06 2.03113e-07 3.71964e-03 -4.07931e-08 -6.48276e-09 51 58.6702 0.2149
SN: 355395 133 42 NULL 1 0.37844 0.00010 0.37844 0.00010 0.37844 0.00010 0 0 -9 -9 16.3650 15.7836 13.7038 60192.266 0.318 -3.43314e+00 0.4279 0.3256 4.72072e-02 24.0730 5.47702e-02 4.21521e-06 2.12637e-07 3.93901e-03 -3.66623e-08 -7.63018e-09 44 74.0588 3.05709e-03
SN: 365825 133 42 NULL 1 0.66399 0.00010 0.66399 0.00010 0.66399 0.00010 0 0 -9 -9 7.9681 7.8172 5.2581 60045.449 0.916 -5.00000e+00 0.7309 0.5252 0.1257 25.2768 8.63247e-02 1.39086e-06 1.10585e-07 -6.92078e-08 1.63757e-13 -7.78804e-09 21 24.5598 0.2667
SN: 376223 133 42 NULL 1 0.70026 0.00010 0.70026 0.00010 0.70026 0.00010 0 0 -9 -9 7.6877 7.0753 3.8220 59861.812 1.189 -1.36909e+00 0.8433 0.9111 0.1220 25.6749 9.57517e-02 9.63957e-07 8.50119e-08 1.08247e-02 -3.23821e-08 -6.72776e-09 40 63.3477 1.40998e-02
SN: 377610 133 42 NULL 1 0.61041 0.00010 0.61041 0.00010 0.61041 0.00010 0 0 -9 -9 7.4731 6.8507 3.0219 60367.363 0.768 -4.69825e+00 0.9368 0.7843 0.1208 25.2270 0.1180 1.45613e-06 1.58305e-07 2.63143e-02 -8.18516e-08 -1.45615e-08 47 53.5037 0.2712
SN: 381328 133 42 NULL 1 0.54871 0.00010 0.54871 0.00010 0.54871 0.00010 0 0 -9 -9 10.7565 10.5950 6.5417 60189.156 0.760 -3.76023e+00 0.8350 0.5939 9.57896e-02 24.8123 9.76935e-02 2.13348e-06 1.91969e-07 1.32391e-02 -6.63776e-08 -1.39322e-08 38 33.9843 0.6557
SN: 384188 133 42 NULL 1 0.54870 0.00010 0.54870 0.00010 0.54870 0.00010 0 0 -9 -9 7.6203 7.3424 5.6767 60625.410 0.780 -3.24546e+00 0.5518 0.3530 9.13085e-02 25.3777 7.84923e-02 1.26736e-06 9.16229e-08 6.53823e-03 -1.77811e-08 -5.55718e-09 51 39.6353 0.8758
SN: 387635 133 42 NULL 1 0.52834 0.00010 0.52834 0.00010 0.52834 0.00010 0 0 -9 -9 9.5187 8.9782 7.9687 60278.805 1.254 -4.02757e+00 1.8748 0.5767 9.14169e-02 25.1879 0.1019 1.50951e-06 1.41616e-07 9.30780e-02 -1.99259e-07 -1.06465e-08 21 22.7122 0.3595
SN: 390119 133 42 NULL 1 0.52978 0.00010 0.52978 0.00010 0.52978 0.00010 0 0 -9 -9 8.2624 7.0090 4.6483 59878.238 0.726 -3.64740e+00 1.0203 0.7665 0.1071 25.6776 0.1246 9.61566e-07 1.10311e-07 3.97631e-02 -6.76265e-08 -9.31085e-09 36 33.5994 0.6293
SN: 393228 133 42 NULL 1 0.55249 0.00010 0.55249 0.00010 0.55249 0.00010 0 0 -9 -9 6.1977 6.0664 4.7366 60227.805 0.149 -4.66950e+00 1.9120 0.6008 0.1141 25.7831 0.1085 8.72493e-07 8.71765e-08 1.91730e-02 -7.00633e-08 -6.30973e-09 36 24.9411 0.9172
SN: 400557 133 42 NULL 1 0.74054 0.00010 0.74054 0.00010 0.74054 0.00010 0 0 -9 -9 5.9264 5.8676 4.0207 59933.051 0.215 1.7458 1.7892 0.6679 0.1360 25.6821 9.12109e-02 9.57588e-07 8.04453e-08 4.94770e-02 -7.93452e-08 -3.72078e-09 16 13.2199 0.7213
SN: 403212 133 42 NULL 1 0.29959 0.00010 0.29959 0.00010 0.29959 0.00010 0 0 -9 -9 13.5757 11.6281 10.0986 60211.250 0.655 -2.72098e+00 0.4290 0.3622 5.64125e-02 24.1496 7.09172e-02 3.92792e-06 2.56561e-07 6.27750e-03 -3.94424e-08 -1.20741e-08 42 53.2838 0.1138
SN: 407131 133 42 NULL 1 0.33900 0.00010 0.33900 0.00010 0.33900 0.00010 0 0 -9 -9 11.0272 10.7290 9.4169 60551.254 0.153 -2.22408e+00 0.3848 0.2570 0.1071 24.1517 0.1432 3.92043e-06 5.17034e-07 1.04103e-02 -1.12584e-07 -4.66570e-08 36 52.1278 4.00756e-02
SN: 407547 133 42 NULL 1 0.40375 0.00010 0.40375 0.00010 0.40375 0.00010 0 0 -9 -9 18.6232 17.7504 16.3254 60238.789 0.399 -2.17815e+00 0.3651 0.5466 3.71095e-02 23.5138 4.23572e-02 7.05460e-06 2.75217e-07 3.51986e-03 -3.42285e-08 -7.91942e-09 26 82.3135 9.18168e-08
SN: 411268 133 42 NULL 1 0.80535 0.00010 0.80535 0.00010 0.80535 0.00010 0 0 -9 -9 6.2216 5.6474 4.3085 59875.672 0.646 -2.25307e+00 0.9843 1.0000 2.2911 25.7991 8.18334e-02 8.59702e-07 6.47969e-08 6.70950e-04 -2.67713e-08 9.06769e-11 68 64.8352 0.6198
SN: 411906 133 42 NULL 1 0.54747 0.00010 0.54747 0.00010 0.54747 0.00010 0 0 -9 -9 9.1861 8.0208 6.6861 60498.969 0.805 -3.95345e+00 0.7799 0.4866 0.1231 24.7157 0.1241 2.33191e-06 2.66577e-07 6.39757e-03 -9.27489e-08 -2.38166e-08 35 27.4905 0.8132
SN: 412186 133 42 NULL 1 0.47612 0.00010 0.47612 0.00010 0.47612 0.00010 0 0 -9 -9 12.6158 11.8613 9.8392 59881.762 0.570 -3.68661e+00 0.5176 0.3685 7.24172e-02 25.0148 6.93645e-02 1.77051e-06 1.13113e-07 6.62860e-03 -2.51842e-08 -5.42780e-09 61 79.7289 5.40513e-02
SN: 418385 133 42 NULL 1 0.45400 0.00010 0.45400 0.00010 0.45400 0.00010 0 0 -9 -9 8.9716 7.5059 7.3936 60594.484 0.582 -3.65809e+00 0.3499 0.4523 8.57009e-02 25.3433 8.81633e-02 1.30820e-06 1.06227e-07 1.86697e-03 -1.26175e-08 -6.65111e-09 45 65.8818 2.28195e-02
SN: 419379 133 42 NULL 1 0.50790 0.00010 0.50790 0.00010 0.50790 0.00010 0 0 -9 -9 6.5403 6.3010 4.7737 60184.547 1.367 -1.76597e+00 0.8435 0.6986 0.1255 25.6063 0.1388 1.02674e-06 1.31263e-07 -4.33166e-03 -4.66263e-08 -1.15502e-08 71 82.5365 0.1858
SN: 421761 133 42 NULL 1 0.33491 0.00010 0.33491 0.00010 0.33491 0.00010 0 0 -9 -9 12.0576 10.5241 9.5960 60274.609 0.640 -3.92980e+00 1.0391 0.5100 1.84225e-02 24.8887 5.58239e-02 1.98844e-06 1.02237e-07 3.83855e-03 -4.37739e-08 -7.87369e-10 16 12.1997 0.7301
SN: 425117 133 42 NULL 1 0.63833 0.00010 0.63833 0.00010 0.63833 0.00010 0 0 -9 -9 7.3517 7.0526 6.4734 60238.113 0.170 -5 0.6350 0.2791 0.1103 25.0747 7.50439e-02 1.67541e-06 1.15801e-07 2.47340e-08 -6.14165e-14 -4.93736e-09 26 24.7788 0.5315
SN: 426868 133 42 NULL 1 0.76998 0.00010 0.76998 0.00010 0.76998 0.00010 0 0 -9 -9 6.4892 4.5649 2.6987 59845.418 2.151 -2.31271e+00 1.0571 0.4596 0.1391 25.6891 0.1270 9.51398e-07 1.11327e-07 -6.64323e-03 -5.73397e-08 -1.51882e-09 64 76.3007 0.1395
SN: 431896 133 42 NULL 1 0.13580 0.00010 0.13580 0.00010 0.13580 0.00010 0 0 -9 -9 19.7118 19.0467 15.0878 60562.332 0.468 -3.26054e+00 0.2951 0.4331 3.65023e-02 22.2797 5.39188e-02 2.19853e-05 1.09181e-06 5.98201e-06 -1.01686e-07 -2.02007e-08 49 39.1826 0.8409
SN: 432762 133 42 NULL 1 0.81340 0.00010 0.81340 0.00010 0.81340 0.00010 0 0 -9 -9 6.4507 3.5657 2.1503 59918.129 1.505 -4.30128e+00 1.4736 0.9199 0.1097 25.5750 0.1339 1.05684e-06 1.30335e-07 2.84931e-02 -1.16848e-07 -5.17719e-09 28 25.6313 0.6451
SN: 442344 133 42 NULL 1 0.27391 0.00010 0.27391 0.00010 0.27391 0.00010 0 0 -9 -9 19.2591 18.3645 16.7202 59612.238 0.224 -2.66454e+00 0.3476 0.3484 4.35494e-02 22.8730 5.80730e-02 1.27291e-05 6.80846e-07 1.36118e-03 -7.04109e-08 -2.32120e-08 30 32.5518 0.3423
SN: 44692 133 42 NULL 1 0.47526 0.00010 0.47526 0.00010 0.47526 0.00010 0 0 -9 -9 9.2724 8.8249 7.4182 59674.855 0.533 -4.25017e+00 0.5730 0.3993 8.87979e-02 24.7066 9.28061e-02 2.35157e-06 2.01006e-07 5.65684e-03 -5.22251e-08 -1.24521e-08 31 33.2381 0.3587
SN: 447313 133 42 NULL 1 0.26866 0.00010 0.26866 0.00010 0.26866 0.00010 0 0 -9 -9 14.3359 11.3383 7.8187 60233.664 0.448 -2.74192e+00 0.5951 0.3270 6.16150e-02 24.3507 7.52293e-02 3.26371e-06 2.26138e-07 1.03769e-02 -6.91526e-08 -1.09463e-08 46 53.6848 0.2035
SN: 4510 133 42 NULL 1 0.48593 0.00010 0.48593 0.00010 0.48593 0.00010 0 0 -9 -9 9.5176 8.5950 7.3623 59853.602 0.523 -3.04718e+00 0.5441 0.5485 8.05208e-02 24.9990 8.74036e-02 1.79631e-06 1.44606e-07 4.60391e-03 -3.45907e-08 -8.68723e-09 66 92.9065 1.62086e-02
SN: 454849 133 42 NULL 1 0.38934 0.00010 0.38934 0.00010 0.38934 0.00010 0 0 -9 -9 16.0554 14.1454 13.6960 59868.688 0.086 -3.58550e+00 0.4612 0.5504 4.29115e-02 24.4023 4.94589e-02 3.11226e-06 1.41774e-07 3.73872e-03 -1.72991e-08 -4.88878e-09 36 47.1168 0.1017
SN: 455271 133 42 NULL 1 0.57071 0.00010 0.57071 0.00010 0.57071 0.00010 0 0 -9 -9 6.6835 4.9522 4.2877 60174.477 1.551 -4.22093e+00 1.1030 0.2881 0.1574 25.6179 0.1412 1.01590e-06 1.32073e-07 4.03668e-02 -8.35431e-08 -1.27671e-08 56 51.1410 0.6590
SN: 455395 133 42 NULL 1 0.43561 0.00010 0.43561 0.00010 0.43561 0.00010 0 0 -9 -9 13.3450 10.2424 10.0901 60153.977 2.023 -2.24699e+00 0.8059 0.3998 6.44611e-02 24.4970 9.20058e-02 2.85232e-06 2.41707e-07 -8.80154e-03 5.16597e-08 -1.20364e-08 56 64.7720 0.1973
SN: 456027 133 42 NULL 1 0.24482 0.00010 0.24482 0.00010 0.24482 0.00010 0 0 -9 -9 16.7849 14.5413 10.8762 60494.863 0.873 -2.61708e+00 0.5499 0.3344 5.10318e-02 23.9668 6.90276e-02 4.64806e-06 2.95509e-07 3.64952e-03 -6.10721e-08 -1.09262e-08 28 31.6735 0.2880
SN: 466652 133 42 NULL 1 0.58187 0.00010 0.58187 0.00010 0.58187 0.00010 0 0 -9 -9 9.7840 8.4804 8.2373 60624.148 0.533 -4.68301e+00 0.5969 0.3679 8.06680e-02 24.8788 6.68969e-02 2.00663e-06 1.23637e-07 5.37301e-03 -2.96458e-08 -6.29784e-09 31 30.1621 0.5089
SN: 466918 133 42 NULL 1 0.06987 0.00010 0.06987 0.00010 0.06987 0.00010 0 0 -9 -9 19.8977 19.8482 8.8464 60042.035 0.509 -2.81287e+00 0.3145 0.4868 6.41171e-02 21.0392 8.29046e-02 6.89139e-05 5.26212e-06 1.16423e-02 -1.07560e-06 -2.74892e-07 17 56.9933 3.26528e-06
SN: 470420 133 42 NULL 1 0.51386 0.00010 0.51386 0.00010 0.51386 0.00010 0 0 -9 -9 8.0670 7.4165 7.2346 59765.102 1.025 -2.75458e+00 0.8562 0.5947 0.1054 25.3782 0.1051 1.26686e-06 1.22582e-07 -1.70629e-03 -3.27196e-08 -9.07867e-09 60 59.0617 0.5100
SN: 47245 133 42 NULL 1 0.57167 0.00010 0.57167 0.00010 0.57167 0.00010 0 0 -9 -9 5.4207 5.3677 4.2627 60222.273 0.357 -3.14664e+00 1.4632 0.7047 0.1546 25.9932 0.1424 7.18961e-07 9.43064e-08 3.57394e-02 -4.88894e-08 -1.11441e-08 28 30.9529 0.3676
SN: 473595 133 42 NULL 1 0.36415 0.00010 0.36415 0.00010 0.36415 0.00010 0 0 -9 -9 16.1237 15.1453 13.3957 60168.266 1.282 -1.93824e+00 0.6755 0.5112 4.98643e-02 24.4191 5.90660e-02 3.06462e-06 1.66721e-07 6.00785e-03 -3.92106e-08 -6.50841e-09 31 27.0444 0.6699
SN: 475141 133 42 NULL 1 0.39203 0.00010 0.39203 0.00010 0.39203 0.00010 0 0 -9 -9 15.1666 13.0205 10.8647 60601.129 0.480 -4.90354e+00 1.8949 0.2859 5.57130e-02 24.6092 6.33536e-02 2.57226e-06 1.50094e-07 1.93139e-02 -7.13790e-08 -6.52980e-09 30 26.4455 0.6522
SN: 479826 133 42 NULL 1 0.43068 0.00010 0.43068 0.00010 0.43068 0.00010 0 0 -9 -9 12.0836 9.8366 9.7733 60215.914 0.697 -2.46970e+00 0.7692 0.5808 6.49973e-02 24.6843 8.06903e-02 2.40036e-06 1.78391e-07 1.62756e-02 -7.49696e-08 -9.54707e-09 61 54.5184 0.7082
SN: 483065 133 42 NULL 1 0.48336 0.00010 0.48336 0.00010 0.48336 0.00010 0 0 -9 -9 6.8562 5.7043 5.3147 59834.000 0.712 -2.47233e+00 0.8202 0.6838 0.1071 25.5411 0.1193 1.09037e-06 1.19849e-07 -4.11110e-04 -3.87361e-08 -9.40449e-09 61 64.4930 0.3895
SN: 483237 133 42 NULL 1 0.52324 0.00010 0.52324 0.00010 0.52324 0.00010 0 0 -9 -9 10.8806 10.5527 9.1771 60582.102 0.502 -3.10833e+00 0.4668 0.3832 5.82108e-02 24.5635 6.06613e-02 2.68288e-06 1.49896e-07 4.25295e-03 -3.44661e-08 -5.89703e-09 50 58.7657 0.1852
SN: 487150 133 42 NULL 1 0.17527 0.00010 0.17527 0.00010 0.17527 0.00010 0 0 -9 -9 16.8827 16.3426 5.4308 60552.871 0.047 -3.18167e+00 0.3311 0.2722 8.55101e-02 23.3102 0.1126 8.50963e-06 8.82758e-07 5.17471e-03 -1.49094e-07 -5.76053e-08 37 33.5480 0.6317
SN: 489137 133 42 NULL 1 0.37972 0.00010 0.37972 0.00010 0.37972 0.00010 0 0 -9 -9 15.4520 11.1667 9.4326 60565.129 0.811 -3.13320e+00 0.3800 0.3133 5.57676e-02 24.1275 8.13050e-02 4.00857e-06 3.00180e-07 3.27266e-04 -4.93046e-08 -1.00443e-08 48 61.2450 9.49323e-02
SN: 490065 133 42 NULL 1 0.49401 0.00010 0.49401 0.00010 0.49401 0.00010 0 0 -9 -9 11.2951 10.5916 10.2033 60559.496 0.140 -2.03821e+00 0.5480 0.5362 8.69785e-02 24.7719 9.11141e-02 2.21435e-06 1.85827e-07 -5.57792e-04 -3.38211e-08 -1.19574e-08 51 42.7856 0.7866
SN: 491955 133 42 NULL 1 0.46354 0.00010 0.46354 0.00010 0.46354 0.00010 0 0 -9 -9 11.0186 10.3812 7.7131 59930.969 0.101 -3.87949e+00 0.9703 0.4182 6.48266e-02 25.4670 5.90231e-02 1.16738e-06 6.34617e-08 -2.66793e-03 -1.92329e-08 -2.46137e-09 36 38.3968 0.3614
SN: 492587 133 42 NULL 1 0.53514 0.00010 0.53514 0.00010 0.53514 0.00010 0 0 -9 -9 6.1448 5.7904 4.3117 59790.137 0.863 -4.30722e+00 0.8239 0.7029 0.1367 25.2832 0.1550 1.38273e-06 1.97337e-07 3.21080e-02 -8.55045e-08 -2.27545e-08 71 70.9036 0.5144
SN: 494392 133 42 NULL 1 0.76046 0.00010 0.76046 0.00010 0.76046 0.00010 0 0 -9 -9 10.1863 8.2588 6.1087 60655.328 0.690 -5.00000e+00 2.0951 0.4983 9.92876e-02 25.0307 5.57559e-02 1.74463e-06 8.95919e-08 1.06194e-07 -4.93816e-13 -2.99997e-09 27 31.2235 0.2621
SN: 499237 133 42 NULL 1 0.56086 0.00010 0.56086 0.00010 0.56086 0.00010 0 0 -9 -9 6.7730 6.2712 5.9378 59895.387 0.597 -4.55698e+00 0.8752 0.5472 0.1042 25.3778 9.29873e-02 1.26728e-06 1.08536e-07 1.70128e-03 -3.49522e-08 -7.50427e-09 40 30.7559 0.8531
SN: 500870 133 42 NULL 1 0.21516 0.00010 0.21516 0.00010 0.21516 0.00010 0 0 -9 -9 19.2300 18.3804 15.6482 59702.535 0.894 5.0000 1.3170 0.8061 6.04996e-02 23.3589 7.94223e-02 8.13645e-06 5.95187e-07 -9.37898e-07 3.73238e-11 -1.68381e-08 8 7.0730 0.6295
SN: 50213 133 42 NULL 1 0.33328 0.00010 0.33328 0.00010 0.33328 0.00010 0 0 -9 -9 9.9304 8.4256 7.4145 60183.965 0.040 -2.66891e+00 1.48053e-02 0.4042 4.54240e-02 24.6876 4.11641e-02 2.39301e-06 9.07275e-08 6.71021e-04 -7.86330e-10 -2.41900e-09 52 48.5876 0.6089
SN: 503512 133 42 NULL 1 0.64501 0.00010 0.64501 0.00010 0.64501 0.00010 0 0 -9 -9 7.2388 6.8741 4.8348 60158.762 0.996 -5 0.5171 0.6185 0.1174 25.2193 8.58100e-02 1.46651e-06 1.15904e-07 4.54850e-09 -1.45717e-14 -8.91005e-09 52 44.7326 0.7526
SN: 504963 133 42 NULL 1 0.46437 0.00010 0.46437 0.00010 0.46437 0.00010 0 0 -9 -9 14.5932 12.7956 12.0147 59862.168 0.117 -2.19376e+00 0.3949 0.4797 4.48337e-02 24.4278 5.18743e-02 3.04002e-06 1.45246e-07 3.03382e-03 -2.59152e-08 -5.03055e-09 81 115.3827 7.27571e-03
SN: 505795 133 42 NULL 1 0.40425 0.00010 0.40425 0.00010 0.40425 0.00010 0 0 -9 -9 12.2408 11.8883 10.6818 59820.816 0.369 -3.14859e+00 0.4395 0.4554 5.71872e-02 24.6481 6.94661e-02 2.48169e-06 1.58780e-07 7.49032e-03 -3.82894e-08 -7.01282e-09 66 88.6634 3.28826e-02
SN: 506556 133 42 NULL 1 0.31879 0.00010 0.31879 0.00010 0.31879 0.00010 0 0 -9 -9 17.2665 16.9900 15.9624 60028.477 0.437 -1.60522e+00 0.4201 0.6993 5.85877e-02 24.3774 7.57904e-02 3.18440e-06 2.22289e-07 9.78506e-03 -4.66164e-08 -1.13542e-08 24 58.0327 1.94085e-04
SN: 506927 133 42 NULL 1 0.85446 0.00010 0.85446 0.00010 0.85446 0.00010 0 0 -9 -9 6.0613 3.5043 3.2265 59870.879 0.622 -1.74855e+00 1.5666 0.9555 0.3637 25.9422 0.1326 7.53594e-07 9.20219e-08 3.17518e-02 -7.20715e-08 -9.20444e-09 56 64.2372 0.2379
SN: 507023 133 42 NULL 1 0.30531 0.00010 0.30531 0.00010 0.30531 0.00010 0 0 -9 -9 17.7205 16.2178 14.1569 60621.418 0.340 -3.68470e+00 0.3479 0.3953 4.55259e-02 23.9035 5.53959e-02 4.92735e-06 2.51401e-07 4.74043e-03 -3.49601e-08 -9.33473e-09 32 66.6850 3.09994e-04
SN: 512797 133 42 NULL 1 0.50027 0.00010 0.50027 0.00010 0.50027 0.00010 0 0 -9 -9 12.2131 11.4171 10.4841 59872.492 0.557 -3.62177e+00 0.5375 0.4473 6.15679e-02 25.1002 5.75696e-02 1.63658e-06 8.67770e-08 2.23209e-04 -1.34762e-08 -3.51584e-09 86 98.4795 0.1687
SN: 513318 133 42 NULL 1 0.44332 0.00010 0.44332 0.00010 0.44332 0.00010 0 0 -9 -9 13.2853 11.4063 8.4869 59937.543 0.651 -4.26166e+00 0.9981 0.4097 6.06947e-02 25.1954 6.04929e-02 1.49914e-06 8.35263e-08 1.25321e-02 -2.98879e-08 -3.22340e-09 31 32.4015 0.3975
SN: 513855 133 42 NULL 1 0.67957 0.00010 0.67957 0.00010 0.67957 0.00010 0 0 -9 -9 7.5148 7.4443 6.5112 60617.035 0.529 -5 0.6460 0.3672 9.27178e-02 25.0937 6.11837e-02 1.64634e-06 9.27748e-08 1.71919e-08 -7.13594e-14 -3.34753e-09 39 39.9290 0.4287
SN: 513977 133 42 NULL 1 0.65515 0.00010 0.65515 0.00010 0.65515 0.00010 0 0 -9 -9 7.6191 5.2133 2.5614 60214.266 1.091 -4.80059e+00 8.38691e-02 0.7043 0.1436 25.3936 0.1130 1.24896e-06 1.29946e-07 2.28775e-04 -4.23718e-10 -1.40812e-08 36 28.3915 0.8442
SN: 514064 133 42 NULL 1 0.45511 0.00010 0.45511 0.00010 0.45511 0.00010 0 0 -9 -9 13.7997 11.1291 9.4115 60654.039 0.467 -3.78707e+00 0.5493 0.4707 5.55638e-02 24.7579 5.85787e-02 2.24302e-06 1.21018e-07 2.71546e-03 -2.48159e-08 -4.78846e-09 31 40.3225 0.1219
SN: 514451 133 42 NULL 1 0.51361 0.00010 0.51361 0.00010 0.51361 0.00010 0 0 -9 -9 13.2612 12.4908 10.9732 60596.043 0.609 -4.25916e+00 0.3681 0.4784 4.75973e-02 24.5165 5.29860e-02 2.80144e-06 1.36716e-07 -2.40862e-03 -2.16936e-08 -3.54487e-09 45 48.6493 0.3283
SN: 517284 133 42 NULL 1 0.65823 0.00010 0.65823 0.00010 0.65823 0.00010 0 0 -9 -9 5.7129 5.5573 4.6850 59842.004 1.876 -2.96429e+00 1.3160 0.4782 0.1240 25.4747 0.1011 1.15912e-06 1.07964e-07 1.96103e-02 -7.49385e-08 -7.18111e-09 40 28.7935 0.9061
SN: 518519 133 42 NULL 1 0.48449 0.00010 0.48449 0.00010 0.48449 0.00010 0 0 -9 -9 8.5348 8.0268 7.2642 60046.074 1.445 -4.02884e+00 0.9899 0.4846 9.77016e-02 25.3582 9.31385e-02 1.29038e-06 1.10694e-07 1.02205e-03 -2.88700e-08 -7.47513e-09 21 20.9374 0.4628
SN: 519049 133 42 NULL 1 0.70347 0.00010 0.70347 0.00010 0.70347 0.00010 0 0 -9 -9 9.6929 8.4442 4.7460 59886.367 0.770 -4.12679e+00 0.6053 0.6918 0.1045 25.1415 7.30506e-02 1.57550e-06 1.06003e-07 6.40216e-03 -2.25784e-08 -6.03854e-09 48 48.4657 0.4947
SN: 520413 133 42 NULL 1 0.55819 0.00010 0.55819 0.00010 0.55819 0.00010 0 0 -9 -9 5.7592 5.6546 5.4307 60219.711 1.326 -5 1.2638 0.3495 0.1465 25.6824 0.1197 9.57275e-07 1.05548e-07 1.16144e-07 -1.69782e-13 -1.04119e-08 48 35.5955 0.9075
SN: 523230 133 42 NULL 1 0.63342 0.00010 0.63342 0.00010 0.63342 0.00010 0 0 -9 -9 8.6688 8.4081 5.8542 60558.805 3.112 -2.43451e+00 0.7672 0.5307 0.1599 25.0140 0.2270 1.77176e-06 3.70510e-07 3.50808e-02 -1.44822e-07 -4.61420e-08 61 56.5795 0.6367
SN: 531151 133 42 NULL 1 0.70465 0.00010 0.70465 0.00010 0.70465 0.00010 0 0 -9 -9 6.8433 6.1988 4.2179 59806.324 1.228 -2.51084e+00 0.3251 0.4526 0.1375 25.2595 7.77625e-02 1.41314e-06 1.01212e-07 2.45333e-02 -1.32958e-08 -6.88040e-09 64 45.2124 0.9639
SN: 533148 133 42 NULL 1 0.65902 0.00010 0.65902 0.00010 0.65902 0.00010 0 0 -9 -9 5.2327 4.7104 4.5032 60547.457 1.061 -1.33337e+00 1.2188 0.2205 0.1518 25.1370 0.2007 1.58198e-06 2.92488e-07 6.96035e-02 -3.00459e-07 -2.32686e-08 44 45.5812 0.4061
SN: 534197 133 42 NULL 1 0.47986 0.00010 0.47986 0.00010 0.47986 0.00010 0 0 -9 -9 5.7122 4.8799 4.5470 60581.375 1.218 -3.64615e+00 0.8591 0.7588 0.1499 26.0063 0.1653 7.10343e-07 1.08134e-07 -5.62673e-03 -2.34779e-08 -1.30267e-08 76 88.3843 0.1765
SN: 53502 133 42 NULL 1 0.66129 0.00010 0.66129 0.00010 0.66129 0.00010 0 0 -9 -9 7.7015 7.5714 4.7938 60611.234 1.299 -3.24792e+00 0.9313 0.6700 3.36928e-02 25.9058 7.41212e-02 7.79240e-07 5.31973e-08 3.67588e-04 -1.88360e-08 -3.33448e-10 59 72.3119 0.1324
SN: 536684 133 42 NULL 1 0.47977 0.00010 0.47977 0.00010 0.47977 0.00010 0 0 -9 -9 7.3593 7.1144 5.4411 60571.852 1.287 -2.73330e+00 0.7931 0.3710 0.1010 25.2695 0.1023 1.40018e-06 1.31947e-07 -2.09317e-03 -3.33113e-08 -8.72320e-09 66 66.2657 0.4677
SN: 54985 133 42 NULL 1 0.33783 0.00010 0.33783 0.00010 0.33783 0.00010 0 0 -9 -9 13.3799 12.6406 8.4152 60282.465 0.064 -2.88359e+00 0.6354 0.3574 5.19822e-02 24.9129 5.54948e-02 1.94464e-06 9.93958e-08 1.30385e-02 -2.52823e-08 -4.07500e-09 28 38.4333 9.04780e-02
SN: 57108 133 42 NULL 1 0.32089 0.00010 0.32089 0.00010 0.32089 0.00010 0 0 -9 -9 9.1746 8.5586 6.2214 60515.082 0.863 -2.61130e+00 1.0436 0.4200 0.2068 24.5816 0.2970 2.63842e-06 7.21735e-07 0.1614 -6.25990e-07 -1.44717e-07 36 38.6001 0.3529
SN: 60548 133 42 NULL 1 0.37009 0.00010 0.37009 0.00010 0.37009 0.00010 0 0 -9 -9 9.4924 9.3534 8.2249 59832.422 0.597 -3.88979e+00 0.6471 0.3204 6.56630e-02 24.9792 7.53005e-02 1.82941e-06 1.26878e-07 9.15494e-03 -3.29207e-08 -6.34231e-09 48 40.1978 0.7808
SN: 62268 133 42 NULL 1 0.27457 0.00010 0.27457 0.00010 0.27457 0.00010 0 0 -9 -9 19.0314 18.9042 18.4352 60276.141 0.340 -3.92226e+00 0.6901 0.7307 4.69785e-02 23.2607 6.78710e-02 8.90673e-06 5.56773e-07 1.83589e-02 -2.43847e-07 -2.33287e-08 16 79.4370 4.82724e-10
SN: 67565 133 42 NULL 1 0.52361 0.00010 0.52361 0.00010 0.52361 0.00010 0 0 -9 -9 5.8310 5.0934 5.0489 60374.746 1.060 -1.82673e+00 0.9400 0.3974 0.1340 25.6901 0.1205 9.50476e-07 1.05523e-07 2.94498e-03 -3.71182e-08 -8.46177e-09 55 52.7825 0.5598
SN: 68153 133 42 NULL 1 0.63721 0.00010 0.63721 0.00010 0.63721 0.00010 0 0 -9 -9 7.7338 7.4718 4.8227 59971.125 0.763 -4.71278e+00 0.7757 0.3859 0.1123 25.0878 8.79443e-02 1.65538e-06 1.34085e-07 6.22963e-03 -4.42212e-08 -7.99652e-09 61 70.0234 0.2006
SN: 70161 133 42 NULL 1 0.17187 0.00010 0.17187 0.00010 0.17187 0.00010 0 0 -9 -9 19.8427 19.7792 19.4105 60563.988 0.727 -2.96922e+00 0.3733 0.4080 3.99993e-02 21.9510 4.73003e-02 2.97571e-05 1.29637e-06 1.03811e-03 -8.63215e-08 -1.92849e-08 41 31.8193 0.8476
SN: 7096 133 42 NULL 1 0.49668 0.00010 0.49668 0.00010 0.49668 0.00010 0 0 -9 -9 8.3355 5.7649 5.3346 60208.410 0.669 -4.30929e+00 0.6371 0.4266 0.1189 25.2833 0.1186 1.38257e-06 1.51080e-07 1.18031e-02 -4.34427e-08 -1.32930e-08 46 53.9639 0.1962
SN: 71551 133 42 NULL 1 0.36528 0.00010 0.36528 0.00010 0.36528 0.00010 0 0 -9 -9 12.2815 12.0137 10.4533 60506.707 0.316 -3.22327e+00 0.3846 0.3014 8.01786e-02 23.9814 9.29823e-02 4.58598e-06 3.92743e-07 -4.88322e-04 -2.79077e-08 -2.51641e-08 36 37.6266 0.3946
SN: 73653 133 42 NULL 1 0.39409 0.00010 0.39409 0.00010 0.39409 0.00010 0 0 -9 -9 12.1038 10.1508 7.8017 60623.867 0.425 -5.00000e+00 0.8522 0.3930 6.14978e-02 24.8299 6.34337e-02 2.09911e-06 1.22639e-07 5.41913e-08 -3.14906e-13 -5.72455e-09 40 37.3613 0.5897
SN: 78476 133 42 NULL 1 0.50557 0.00010 0.50557 0.00010 0.50557 0.00010 0 0 -9 -9 10.2644 9.5007 8.5885 60055.281 0.796 -2.74384e+00 0.9202 0.4289 9.11082e-02 24.9671 0.1181 1.84987e-06 2.01178e-07 1.75099e-02 -1.16591e-07 -1.17007e-08 16 24.0910 8.75357e-02
SN: 78807 133 42 NULL 1 0.56728 0.00010 0.56728 0.00010 0.56728 0.00010 0 0 -9 -9 6.9365 4.9603 4.1760 60065.711 0.309 -5 0.7321 0.1823 0.1819 25.2881 0.1424 1.37648e-06 1.80588e-07 1.79715e-10 -2.90379e-16 -2.25570e-08 12 9.7498 0.6379
SN: 80117 133 42 NULL 1 0.49287 0.00010 0.49287 0.00010 0.49287 0.00010 0 0 -9 -9 5.1303 3.7598 3.4453 60597.141 2.292 -1.21982e+00 1.6297 0.5934 0.1615 26.2907 0.1868 5.46643e-07 9.40391e-08 2.44992e-02 -7.14906e-08 -1.04964e-08 55 62.8045 0.2193
SN: 82000 133 42 NULL 1 0.39753 0.00010 0.39753 0.00010 0.39753 0.00010 0 0 -9 -9 17.2252 16.7612 16.6771 59836.012 0.858 -3.22086e+00 0.4321 0.5272 4.05948e-02 23.8394 5.27995e-02 5.22667e-06 2.54174e-07 1.04413e-03 -9.08628e-10 -8.25183e-09 51 56.3144 0.2828
SN: 83507 133 42 NULL 1 0.29411 0.00010 0.29411 0.00010 0.29411 0.00010 0 0 -9 -9 12.0289 11.6989 9.6274 59850.906 0.380 -2.80302e+00 0.3896 0.5479 6.68872e-02 24.7095 8.72157e-02 2.34522e-06 1.88388e-07 9.74358e-03 -3.81070e-08 -1.11433e-08 44 66.1112 1.71242e-02
SN: 84202 133 42 NULL 1 0.54030 0.00010 0.54030 0.00010 0.54030 0.00010 0 0 -9 -9 11.8155 11.3929 10.8525 59986.098 0.601 -3.67146e+00 0.5594 0.4876 7.08703e-02 24.6215 6.75843e-02 2.54338e-06 1.58319e-07 6.70111e-03 -3.87692e-08 -8.01198e-09 46 77.7342 2.37822e-03
SN: 8632 133 42 NULL 1 0.42665 0.00010 0.42665 0.00010 0.42665 0.00010 0 0 -9 -9 12.1612 10.2772 9.2979 60638.309 0.529 -3.46592e+00 0.4751 0.3893 5.97010e-02 24.8992 6.24768e-02 1.96927e-06 1.13318e-07 1.83547e-03 -1.67145e-08 -4.87358e-09 51 43.4774 0.7636
SN: 86650 133 42 NULL 1 0.64792 0.00010 0.64792 0.00010 0.64792 0.00010 0 0 -9 -9 4.6156 3.5377 3.2592 60628.297 0.988 -3.27369e+00 0.3442 0.4240 0.1750 25.9235 0.1096 7.66647e-07 7.74209e-08 3.17607e-02 -9.09217e-09 -7.41886e-09 66 52.0598 0.8947
SN: 87286 133 42 NULL 1 0.53771 0.00010 0.53771 0.00010 0.53771 0.00010 0 0 -9 -9 6.0643 5.1245 5.0712 60569.871 0.729 -3.74421e+00 1.0081 0.5602 9.77506e-02 25.5105 0.1058 1.12149e-06 1.09282e-07 6.79521e-04 -3.23574e-08 -6.54044e-09 55 49.5495 0.6822
SN: 88460 133 42 NULL 1 0.43922 0.00010 0.43922 0.00010 0.43922 0.00010 0 0 -9 -9 4.2929 3.8935 3.0840 60507.852 2.460 -1.12847e+00 1.4173 0.3801 0.1026 25.8465 0.1886 8.23029e-07 1.42983e-07 1.06084e-02 -1.04272e-07 -6.24469e-09 50 47.8936 0.5583
SN: 9067 133 42 NULL 1 0.72612 0.00010 0.72612 0.00010 0.72612 0.00010 0 0 -9 -9 6.5485 6.2280 5.8720 59939.609 1.336 -4.57846e+00 1.5969 0.2154 0.1284 25.7265 8.84130e-02 9.19142e-07 7.48470e-08 7.30526e-02 -3.92811e-08 -6.61590e-11 24 31.2223 0.1475
SN: 91597 133 42 NULL 1 0.80553 0.00010 0.80553 0.00010 0.80553 0.00010 0 0 -9 -9 3.9262 3.6618 3.1864 60637.402 0.618 -4.99999e+00 1.9176 -2.47972e-01 0.1639 26.2175 0.1661 5.84772e-07 8.94625e-08 3.76317e-06 -2.12771e-12 8.28787e-09 23 21.4084 0.5562
SN: 95119 133 42 NULL 1 0.79999 0.00010 0.79999 0.00010 0.79999 0.00010 0 0 -9 -9 7.5009 5.6508 4.4875 60620.641 2.090 -1.64096e+00 1.5626 0.3867 0.1314 25.2041 8.48300e-02 1.48717e-06 1.16194e-07 9.65777e-02 -5.56570e-08 2.81082e-11 19 14.1528 0.7747
SN: 97148 133 42 NULL 1 0.79695 0.00010 0.79695 0.00010 0.79695 0.00010 0 0 -9 -9 5.6473 4.7672 2.7026 60628.434 1.635 -2.73366e+00 1.0612 1 8.10471e-02 25.6361 9.14112e-02 9.98975e-07 8.41065e-08 -2.27803e-08 -4.21291e-08 4.81515e-15 31 22.1219 0.9041
SN: 98014 133 42 NULL 1 0.36395 0.00010 0.36395 0.00010 0.36395 0.00010 0 0 -9 -9 14.2954 12.7524 10.5322 60228.500 0.410 -5 1.0116 0.4440 5.02176e-02 24.6346 5.48877e-02 2.51289e-06 1.27035e-07 7.30836e-09 -2.53634e-14 -4.66585e-09 28 30.8597 0.3233
SN: 98375 133 42 NULL 1 0.36837 0.00010 0.36837 0.00010 0.36837 0.00010 0 0 -9 -9 13.6619 13.5731 11.9926 60066.266 0.076 -5.00000e+00 1.9630 0.5422 7.65522e-02 24.1680 8.80611e-02 3.86186e-06 3.13225e-07 -7.86967e-08 4.16406e-13 -2.05787e-08 8 3.7013 0.8830
SN: 99397 133 42 NULL 1 0.21361 0.00010 0.21361 0.00010 0.21361 0.00010 0 0 -9 -9 18.3919 17.6994 12.6112 60585.598 0.222 -3.30680e+00 0.3487 0.3343 4.74413e-02 23.4029 6.09896e-02 7.81310e-06 4.38889e-07 3.84496e-03 -7.71627e-08 -1.61907e-08 39 47.9698 0.1536
