1.0309422016143799
0.7255738377571106
0.5294755697250366
0.743486762046814
1.1604876518249512
0.5383306741714478
0.842829167842865
0.8754388093948364
0.8882846236228943
1.094172477722168
0.9217219352722168
0.9980385303497314
0.6259289383888245
0.8710605502128601
0.8940052390098572
0.5508911609649658
1.1405364274978638
1.0684609413146973
0.806800365447998
0.4819580614566803
0.9887459874153137
0.9354071617126465
1.0767284631729126
0.6659382581710815
1.0028448104858398
0.44370725750923157
0.9742956757545471
0.4825059175491333
0.7110080718994141
0.6758923530578613
0.7300825119018555
0.8567975163459778
0.3665907382965088
0.6483208537101746
0.7411847114562988
1.108698844909668
1.15036940574646
0.9129141569137573
0.6663823127746582
0.7033791542053223
1.033856987953186
0.6096189022064209
1.0056709051132202
1.1568175554275513
1.1851757764816284
0.7874537706375122
0.6633961200714111
0.974462628364563
0.9774779081344604
1.0206758975982666
0.20069098472595215
0.9473634362220764
1.0926144123077393
0.7252705097198486
0.9850742816925049
1.1973365545272827
0.7394904494285583
1.0054160356521606
0.7462948560714722
1.003506064414978
0.6724810004234314
1.140081524848938
0.7047572731971741
0.972109854221344
1.196678876876831
0.6738863587379456
1.1408032178878784
0.48391324281692505
0.4172807037830353
0.6575051546096802
1.0389231443405151
0.7738956809043884
1.184746265411377
0.6256669163703918
0.7668457627296448
0.04732508957386017
1.1013634204864502
0.6664795279502869
1.1962209939956665
1.0076904296875
0.9946988224983215
0.6342437267303467
1.140329122543335
0.7996220588684082
0.7433640956878662
0.64850252866745
0.7721912860870361
0.6712605357170105
1.0389900207519531
1.0910346508026123
1.053874135017395
1.1557642221450806
0.7109390497207642
1.114760160446167
0.9749616384506226
0.3097321093082428
1.0670385360717773
0.6247192621231079
0.9689931869506836
1.0915701389312744
0.6456490159034729
1.0347881317138672
0.928713858127594
0.9657307863235474
0.651692271232605
1.0729790925979614
1.175905704498291
1.163368821144104
0.9890962243080139
1.1385442018508911
0.4414350092411041
0.7769747972488403
1.0630881786346436
0.8381086587905884
0.7644827365875244
0.9659149646759033
1.154557228088379
0.8274903297424316
0.7985118627548218
1.1940844058990479
1.200203537940979
0.09790230542421341
1.073967695236206
0.9823982119560242
0.43002989888191223
0.754607617855072
1.0941131114959717
1.1014997959136963
0.7730058431625366
0.4068613052368164
1.07184636592865
0.8028436899185181
0.7580979466438293
1.101436734199524
1.1653605699539185
0.7279089093208313
0.9141650795936584
1.0932132005691528
0.4874514937400818
0.8271782994270325
0.9504588842391968
0.6399776935577393
0.7543626427650452
1.034496784210205
0.9207994937896729
0.7328066229820251
0.8015123009681702
1.1407707929611206
0.5437686443328857
0.8830407857894897
0.8745167851448059
1.0235134363174438
1.1317089796066284
0.5869050621986389
0.8490716814994812
0.968389093875885
0.988170325756073
0.8674717545509338
1.1345994472503662
0.8684014678001404
0.6472856402397156
1.1233488321304321
0.9844655394554138
1.1263844966888428
0.9630312919616699
1.1484874486923218
0.9763400554656982
1.1410046815872192
1.1943747997283936
0.6134974360466003
1.0852034091949463
1.1370770931243896
1.0960770845413208
0.7379533648490906
0.42138564586639404
0.778281033039093
0.8241389393806458
1.0573569536209106
1.1295973062515259
1.0335979461669922
0.8913863897323608
1.0141793489456177
0.9093295335769653
0.3811098337173462
1.1062476634979248
1.0133438110351562
1.1030173301696777
0.5842154622077942
1.0347517728805542
0.9129429459571838
0.5791511535644531
0.6162233352661133
1.1129634380340576
0.4867444634437561
0.7101259827613831
1.1553568840026855
0.8072487115859985
1.1231038570404053
0.6765780448913574
0.7745000123977661
0.23557433485984802
1.010815978050232
1.0974011421203613
1.117884874343872
0.43213045597076416
1.0509705543518066
0.20287111401557922
0.9850870370864868
0.5028120279312134
0.906095564365387
1.1457719802856445
0.8744877576828003
0.966315507888794
0.9738287925720215
1.039197564125061
0.8120324015617371
1.0176970958709717
0.7789226770401001
1.1804475784301758
0.7671783566474915
1.079635739326477
0.8515961766242981
0.8951386213302612
1.0510125160217285
0.7938396334648132
0.6182569265365601
1.1288487911224365
1.0753493309020996
0.7636786699295044
0.7753003835678101
1.1380749940872192
1.0925865173339844
1.1215448379516602
0.4901305139064789
0.5188470482826233
1.0879132747650146
0.8157354593276978
0.5383070707321167
0.8814868330955505
1.13330078125
0.8885068893432617
0.8328481316566467
1.0480726957321167
0.7412481904029846
0.9361604452133179
0.6030719876289368
1.029188632965088
0.9143534302711487
0.25547099113464355
1.020430326461792
0.5065785050392151
0.846301257610321
1.1416938304901123
0.5713165998458862
0.46587422490119934
0.6746631264686584
1.1578412055969238
0.5458676815032959
1.042536735534668
1.0935057401657104
0.8832089304924011
1.1321054697036743
0.668222188949585
1.1890923976898193
1.0361440181732178
1.0981836318969727
0.8081541061401367
1.0957741737365723
1.088858962059021
0.7288721203804016
0.9138861298561096
1.1871089935302734
0.8906393647193909
1.1288193464279175
0.9514133334159851
0.9250614047050476
0.6338385939598083
1.0176279544830322
1.0311706066131592
0.5368625521659851
1.121785283088684
1.0443435907363892
0.5130882859230042
0.6643149256706238
0.6244513988494873
0.6184845566749573
1.0711498260498047
0.5790064334869385
0.8673926591873169
1.080435037612915
0.9449361562728882
1.0772253274917603
1.0450912714004517
0.9443279504776001
0.35169675946235657
0.9274991750717163
0.7824029326438904
1.119110107421875
0.902384877204895
1.0322695970535278
1.0735784769058228
1.1300647258758545
0.9197441339492798
0.768377959728241
1.1193355321884155
0.733943521976471
0.641746997833252
0.8441325426101685
0.6602434515953064
1.0066169500350952
1.0509130954742432
0.40986546874046326
1.069316029548645
0.8198542594909668
0.48990264534950256
1.1619139909744263
0.480848103761673
0.34827476739883423
1.1615428924560547
0.7639015316963196
0.4346636235713959
0.33963316679000854
0.8774722218513489
1.0888540744781494
0.3687528371810913
0.3687191605567932
0.9373854398727417
0.6474531292915344
1.1344890594482422
0.5560259819030762
0.7487428784370422
0.6429344415664673
1.0091054439544678
0.8439422249794006
0.6849623322486877
0.9865478277206421
1.0088305473327637
0.9055153727531433
1.0624995231628418
0.855745255947113
0.9706357717514038
0.25721803307533264
1.1666464805603027
0.8214316964149475
1.0946571826934814
0.8613831400871277
0.37196776270866394
1.1534807682037354
0.8813506364822388
0.49925941228866577
1.1095123291015625
0.9851064682006836
0.9694350957870483
0.9793086647987366
0.09741651266813278
1.1335432529449463
0.3664104640483856
0.963370680809021
0.5979515314102173
0.3743436336517334
1.198828101158142
0.9765576720237732
0.12432510405778885
1.103745698928833
0.9222952723503113
0.8154547810554504
1.0523295402526855
1.0317692756652832
0.7592501044273376
0.9244059920310974
1.1688156127929688
1.146572470664978
0.8926081657409668
0.48694393038749695
0.6059660911560059
0.2689245343208313
0.7965275645256042
1.1475090980529785
0.888949453830719
0.9745966196060181
0.990480363368988
0.7391204833984375
0.669978141784668
1.181570053100586
0.5158593058586121
0.9042472243309021
0.9622228145599365
0.8594223260879517
0.9947258234024048
0.7271527647972107
0.4057866632938385
1.0832582712173462
0.9178541302680969
1.1950767040252686
0.9648209810256958
0.85001540184021
1.1748439073562622
0.18284577131271362
0.7212079167366028
0.8513972163200378
0.5764066576957703
0.4752953052520752
0.9851894378662109
1.0045300722122192
0.9455112218856812
0.18241390585899353
0.8142211437225342
0.5890872478485107
0.973609983921051
1.1121690273284912
0.28191691637039185
1.1299289464950562
1.0652879476547241
1.0745054483413696
1.1625676155090332
0.5878984928131104
0.9998961091041565
0.8588290214538574
0.9048358201980591
0.6900474429130554
1.1596720218658447
1.1762125492095947
0.553221583366394
1.170889973640442
0.6762534379959106
1.195655345916748
0.9026352167129517
1.104977011680603
1.1928455829620361
0.9476398825645447
0.7809628248214722
0.4132080376148224
0.6491251587867737
0.5623050332069397
0.7981340885162354
0.8708427548408508
0.9706824421882629
0.407370924949646
1.149470329284668
1.0534920692443848
0.19117002189159393
1.2024239301681519
0.6793874502182007
1.0611881017684937
0.9807255864143372
0.9881975054740906
0.32638823986053467
1.0647510290145874
1.0828559398651123
0.5644485950469971
1.0473872423171997
0.837053120136261
0.8048200011253357
1.0801640748977661
1.1583495140075684
0.8482823371887207
0.7843520641326904
0.9090542197227478
0.9439635872840881
0.9623095989227295
0.9609332084655762
1.168062448501587
0.9884616136550903
0.9374904632568359
0.5069679617881775
0.687306821346283
0.8413332104682922
1.057588815689087
1.1469142436981201
1.0953943729400635
0.6197371482849121
1.1638970375061035
1.0158742666244507
0.7223587036132812
1.0598969459533691
1.0294708013534546
1.0595273971557617
0.4898483157157898
0.576171875
0.8026228547096252
0.9409947991371155
0.34431248903274536
0.7147318720817566
0.9610716700553894
0.5180128812789917
1.004181146621704
1.1132856607437134
0.9375886917114258
0.7511515617370605
1.0860649347305298
1.1007128953933716
1.1636496782302856
0.9496273398399353
0.7822366952896118
1.1296800374984741
0.7922821044921875
0.8651977181434631
0.7189900279045105
0.6372581720352173
0.703652560710907
1.1169465780258179
0.9872252345085144
0.872696042060852
0.5025341510772705
0.692832350730896
0.7068508267402649
0.8373730778694153
0.7732813954353333
0.698562502861023
1.001360535621643
0.6650421023368835
1.038379192352295
1.0659663677215576
1.0501129627227783
0.4152582883834839
0.6885106563568115
0.9362964034080505
0.995535135269165
0.974215567111969
0.5109410285949707
0.9048522114753723
1.1721739768981934
0.7380629777908325
0.7572107911109924
1.1131439208984375
0.6897152662277222
0.8175106048583984
0.38016197085380554
1.120476245880127
0.646774172782898
1.1355834007263184
1.0988202095031738
0.9601907730102539
1.0592830181121826
0.8597862720489502
1.120864987373352
0.7524777054786682
0.23874236643314362
0.8655372262001038
0.4998054802417755
0.9639298319816589
1.0240808725357056
1.0008132457733154
0.5981447100639343
0.9450466632843018
0.7006140947341919
0.7554624080657959
0.8911998867988586
1.165457844734192
0.5930987000465393
0.7936118245124817
0.6928823590278625
0.7873378396034241
0.7394819259643555
1.0915205478668213
0.9485123753547668
0.975180983543396
0.664871871471405
0.7104092836380005
0.4638878107070923
0.5668051838874817
1.0932700634002686
1.1045401096343994
1.1038594245910645
0.6133097410202026
0.5725125670433044
0.6314268708229065
1.1349600553512573
0.8116331696510315
0.5619180798530579
0.8144989609718323
0.5980088114738464
1.1285980939865112
0.5072077512741089
0.670941948890686
0.7210584282875061
0.9159841537475586
0.5418159365653992
1.1678273677825928
0.6118401288986206
1.1394243240356445
1.15619957447052
0.8403921127319336
0.7851840853691101
1.0379137992858887
0.46286582946777344
1.1848211288452148
0.8209070563316345
0.36062419414520264
1.120535135269165
0.7918512225151062
0.5667758584022522
1.0740501880645752
0.4398707151412964
0.4147348999977112
0.9293889999389648
1.0700076818466187
0.28673526644706726
0.6150302290916443
1.1225378513336182
1.173600673675537
0.6967263221740723
1.1299265623092651
1.1630282402038574
0.9757019281387329
0.9900978207588196
0.7523670196533203
0.8736876845359802
1.0204002857208252
0.7710485458374023
0.32897254824638367
0.3253012001514435
0.6540314555168152
1.0058232545852661
1.0732135772705078
0.7295790314674377
1.0026510953903198
0.9886623620986938
0.9748244881629944
0.8985844254493713
1.1423875093460083
0.8025234937667847
0.6698331236839294
0.9385364055633545
1.0607373714447021
0.9954946041107178
0.17528720200061798
0.48093298077583313
0.902385950088501
1.140951156616211
0.7577991485595703
1.014928936958313
0.8898702263832092
0.7255849838256836
0.6884322762489319
0.8923073410987854
0.4910725951194763
0.918292224407196
0.5409450531005859
0.9128496050834656
1.0481363534927368
1.1206910610198975
0.7978292107582092
0.3093469738960266
1.1023024320602417
0.8589724898338318
0.6071245074272156
0.9713003039360046
1.0846459865570068
0.7948718667030334
0.817060112953186
1.074700951576233
0.9340723752975464
0.5283309817314148
1.0067042112350464
1.0753165483474731
1.0463868379592896
1.1339616775512695
0.6381722092628479
1.1904085874557495
0.5561559796333313
1.1052260398864746
0.8259307146072388
1.0609662532806396
0.6033665537834167
0.6699283123016357
0.9492231607437134
0.5404554009437561
0.2960053086280823
0.7409372925758362
1.0748175382614136
0.8257051706314087
1.0528860092163086
1.1304939985275269
1.179671287536621
0.56980961561203
0.8825395703315735
0.893379807472229
0.7403324842453003
1.1365697383880615
0.6400154829025269
1.023532509803772
0.7292073369026184
0.42740562558174133
0.4651828706264496
1.0693562030792236
1.1642558574676514
0.9819769263267517
0.8734883666038513
1.0319421291351318
1.069282054901123
0.3802763521671295
1.0498062372207642
0.46639466285705566
0.2827717065811157
1.0184966325759888
0.53724205493927
0.9816163182258606
0.6803449988365173
0.9039868116378784
1.136453628540039
0.645575225353241
1.0315921306610107
1.0643858909606934
1.1472777128219604
0.9759897589683533
0.9265756607055664
0.665381133556366
0.8836559057235718
0.7797065377235413
1.1538920402526855
0.8854537606239319
0.5708420872688293
0.16234053671360016
0.5571755170822144
1.1924852132797241
0.6096361875534058
0.7494656443595886
0.5580674409866333
1.1244444847106934
0.42106497287750244
0.8828193545341492
1.0557129383087158
0.6736302971839905
0.915627121925354
0.1300828903913498
0.3707979619503021
0.6267620921134949
1.0799368619918823
0.8510643243789673
1.1797436475753784
0.8236325979232788
0.9058971405029297
0.8959960341453552
0.4564637839794159
0.508573055267334
1.1223227977752686
0.9876489043235779
0.7996935248374939
1.1347904205322266
0.6270608901977539
0.5966988205909729
1.0175925493240356
1.1957314014434814
0.24845047295093536
0.9329283833503723
0.7347735166549683
0.950506865978241
0.568642258644104
0.46496373414993286
0.324650377035141
0.8940346240997314
0.6831465363502502
1.0051838159561157
0.4340415298938751
0.394702285528183
1.0567679405212402
1.0137206315994263
0.6164383292198181
0.5822167992591858
1.0630162954330444
0.664924681186676
1.1039940118789673
1.0215200185775757
0.8433464765548706
1.1128387451171875
0.9489909410476685
0.8097526431083679
0.7402130961418152
0.7673614621162415
0.8211522102355957
1.1243016719818115
0.8938977122306824
1.0499982833862305
0.2786411941051483
0.4741755425930023
0.4778610169887543
0.8298534750938416
0.4883151054382324
1.1377884149551392
0.43871140480041504
1.0451937913894653
0.911013126373291
1.0963258743286133
0.7034697532653809
1.109127163887024
0.6191829442977905
1.0484986305236816
1.1989375352859497
0.7889021635055542
1.0466582775115967
1.0084158182144165
0.9111071825027466
1.027471661567688
0.9692884087562561
0.9965168833732605
0.9656225442886353
1.164817214012146
0.7497983574867249
1.0619105100631714
0.3151067793369293
0.8557128310203552
0.7844284176826477
0.6156710982322693
0.6234589219093323
1.113614559173584
0.6430664658546448
1.0279253721237183
0.6528908014297485
0.8225228786468506
0.5991218686103821
1.1897039413452148
1.0657353401184082
1.1321346759796143
0.5953352451324463
0.7424356937408447
0.9449017643928528
1.0042001008987427
0.9315426349639893
0.7487106323242188
0.7332009077072144
1.1165883541107178
0.43733298778533936
0.5681211948394775
0.6793942451477051
0.6378870010375977
0.767112672328949
1.1758946180343628
1.0909687280654907
1.128307819366455
1.2013825178146362
1.0781716108322144
0.639222264289856
1.1986424922943115
0.9563139081001282
0.9937078952789307
0.6495327949523926
1.1263659000396729
0.904220461845398
0.4053126871585846
0.7473217248916626
1.096293568611145
1.047060489654541
0.9360558986663818
1.0155351161956787
0.8473915457725525
0.9959203004837036
1.1863954067230225
0.5487170219421387
1.0922954082489014
0.6078214645385742
0.9488625526428223
1.016008973121643
0.3581945598125458
0.9295555353164673
0.9233349561691284
1.1536954641342163
1.139188528060913
1.119676947593689
0.8741570115089417
1.0402590036392212
1.165628433227539
0.6536275744438171
0.7455461621284485
0.7772628664970398
0.4591028690338135
0.8268401622772217
0.6408303380012512
0.2761135995388031
0.6649399399757385
0.7868632674217224
0.36204975843429565
0.6407226920127869
0.7763354778289795
1.0818747282028198
0.9435413479804993
0.7003483772277832
0.9711418747901917
1.075986385345459
0.7120020389556885
1.0175421237945557
1.0393856763839722
0.800342321395874
0.6825700402259827
1.0314152240753174
0.7969580292701721
0.9414670467376709
1.1203887462615967
1.003327488899231
1.082398533821106
0.9322302341461182
0.8024426698684692
0.702794075012207
0.892054557800293
0.8125818967819214
0.4760799705982208
0.7646249532699585
0.960651159286499
0.7950756549835205
0.8116370439529419
0.9495648145675659
1.103596568107605
1.1975163221359253
0.7768763303756714
0.8265788555145264
1.080167293548584
1.1608715057373047
0.21462474763393402
0.6882756948471069
1.1959253549575806
1.0518178939819336
0.6840736865997314
0.916327714920044
0.9902467727661133
0.9944873452186584
0.8648163080215454
1.1139103174209595
1.1362756490707397
1.0623952150344849
1.0138287544250488
0.9907869100570679
0.6393473148345947
0.6820434331893921
1.1237564086914062
1.0374975204467773
0.7849204540252686
1.2007170915603638
0.43725427985191345
1.0536994934082031
0.8097617626190186
1.0453943014144897
1.0170447826385498
1.0808008909225464
0.8385229110717773
1.1373403072357178
0.6538866758346558
1.1656557321548462
0.7171741127967834
1.132966160774231
0.6170869469642639
1.1812149286270142
0.9656912684440613
1.1304155588150024
0.7908807396888733
0.9535067677497864
0.7958895564079285
0.8102284073829651
1.1316391229629517
1.0394871234893799
1.200999140739441
0.9979639053344727
1.0603759288787842
0.9596785306930542
0.6873365640640259
0.6571471691131592
0.8299369215965271
0.8379899263381958
0.5010841488838196
1.2014893293380737
1.0384736061096191
0.8096675872802734
0.6703936457633972
0.4560777246952057
0.9670128226280212
1.001753568649292
0.7937954664230347
0.6280664205551147
0.23958206176757812
1.1266924142837524
0.7833452224731445
0.9572470784187317
0.9058114886283875
1.1766471862792969
1.153077244758606
0.5973316431045532
0.9756982922554016
1.1736429929733276
0.5229324102401733
0.9423479437828064
0.7530646920204163
0.5281181335449219
0.6293044090270996
0.8827913999557495
0.5890565514564514
1.0898957252502441
1.17302405834198
1.190942406654358
0.44779172539711
1.0074189901351929
1.0200039148330688
0.9742151498794556
0.9344703555107117
1.0994166135787964
1.1120485067367554
0.8516076803207397
1.1104485988616943
0.9442810416221619
1.0421364307403564
1.1619961261749268
0.8418890237808228
1.1465014219284058
1.152476191520691
0.8425222635269165
0.9908196330070496
1.0781173706054688
0.7387033104896545
1.0014146566390991
0.5897184014320374
0.6084591746330261
1.0824333429336548
0.8935298919677734
0.8114615678787231
1.1590383052825928
1.1766548156738281
0.10185585170984268
0.7991378903388977
0.7113106846809387
0.5716859102249146
1.1090805530548096
1.081937313079834
1.1094456911087036
1.0890839099884033
0.5666477680206299
0.8848389983177185
1.0846009254455566
0.9232137799263
0.979516863822937
1.1109533309936523
0.5901999473571777
1.1173145771026611
1.1154593229293823
0.8577804565429688
0.7557286024093628
1.087289571762085
1.1720346212387085
1.1808111667633057
0.9376059770584106
0.7753493785858154
1.0173273086547852
0.730675995349884
0.4132247269153595
1.1200635433197021
1.1909841299057007
1.1594734191894531
0.5580582022666931
0.9688873887062073
1.0060908794403076
0.892423689365387
1.1779459714889526
0.5532268285751343
0.42056381702423096
0.8440704941749573
0.4875093400478363
0.8143437504768372
0.9392483830451965
1.1175307035446167
1.1510449647903442
0.4444763958454132
0.6688457131385803
0.7875097393989563
0.9303389191627502
1.027201533317566
0.5975212454795837
0.9404982924461365
0.9545865654945374
0.6284200549125671
1.0092417001724243
1.1502959728240967
0.7505432963371277
1.1093710660934448
0.6383389830589294
0.2747456133365631
0.8047415018081665
0.596340537071228
1.0949496030807495
1.1258267164230347
1.1540939807891846
0.8752402067184448
1.187878966331482
0.4892819821834564
0.794977068901062
0.4632805287837982
1.1863222122192383
1.1813770532608032
0.6703048944473267
0.629117488861084
0.8885073065757751
1.001966953277588
1.1302529573440552
0.7208104729652405
1.169044852256775
1.0739057064056396
1.1216588020324707
1.06927490234375
0.7387986183166504
1.0941197872161865
1.169177532196045
0.9469377994537354
0.8123278021812439
1.0638070106506348
0.9073145389556885
0.895036518573761
1.0890679359436035
0.8878702521324158
1.1632920503616333
0.6590875387191772
0.7817378044128418
0.944908082485199
1.0236198902130127
0.5622575879096985
1.1380363702774048
0.8139617443084717
0.7151603698730469
0.6368137001991272
0.7766141891479492
0.5522794723510742
1.1424641609191895
1.157781958580017
0.8702927231788635
1.1461408138275146
0.3998982012271881
0.9087269306182861
0.6154058575630188
0.8790704011917114
1.0097397565841675
0.7802808284759521
0.16303248703479767
0.48915132880210876
1.0814321041107178
0.6096972227096558
1.2007243633270264
1.068404197692871
1.0619947910308838
1.1941838264465332
0.882780134677887
0.4426773488521576
0.8483964800834656
0.46689850091934204
0.9127629399299622
1.0616295337677002
1.0890802145004272
0.4316854476928711
0.7886945605278015
1.174861192703247
0.40904945135116577
0.653206467628479
1.0936660766601562
1.152795433998108
0.6668336391448975
0.7748470306396484
0.8606006503105164
0.8971350789070129
0.4036720395088196
0.8369400501251221
0.7086682915687561
0.7940559387207031
0.821201741695404
1.0389562845230103
1.1100672483444214
0.8841874599456787
0.9609301090240479
0.8225898742675781
1.1582491397857666
1.1087106466293335
0.8764346241950989
0.42417988181114197
1.176100730895996
0.8607025742530823
0.777480959892273
1.0735063552856445
0.27408459782600403
0.3234938085079193
1.0176198482513428
0.5890777111053467
0.9871410727500916
0.5142022967338562
0.4970558285713196
0.5571798086166382
1.1655501127243042
1.1242669820785522
0.7987323999404907
0.4683249890804291
0.9906312823295593
0.7678576707839966
0.9162460565567017
0.8974263668060303
0.7362648844718933
0.7147181630134583
0.6043132543563843
1.0826584100723267
1.1308156251907349
1.0990811586380005
1.1225486993789673
1.0185290575027466
0.8912705183029175
1.0847256183624268
0.5866633653640747
0.8777260184288025
0.6621541380882263
0.9564706683158875
1.0132063627243042
0.48990821838378906
0.4744035005569458
1.1649723052978516
1.189664602279663
1.1885417699813843
0.9753813743591309
1.0427623987197876
0.9148794412612915
0.5568869113922119
0.48861539363861084
0.9287746548652649
0.8407027721405029
0.5478875637054443
0.4942986071109772
1.0468218326568604
1.1659644842147827
0.7635449767112732
0.43581876158714294
1.1151307821273804
0.3185691833496094
0.7167283892631531
0.9804337024688721
1.1914565563201904
0.47116824984550476
1.144254207611084
0.3681129813194275
1.147045373916626
1.0804095268249512
1.1878904104232788
1.1278822422027588
0.6226046085357666
0.2275266796350479
0.5546601414680481
0.8745808005332947
0.9674052000045776
1.1275533437728882
1.1032614707946777
1.0558279752731323
0.8783537745475769
1.0928254127502441
1.0760549306869507
0.5539025664329529
1.1547693014144897
1.0030988454818726
0.7911881804466248
1.1353737115859985
0.8520298004150391
0.4931764304637909
0.7216085195541382
0.29643514752388
0.5330037474632263
0.9002309441566467
0.7725409269332886
1.0822218656539917
1.1656358242034912
0.6045278310775757
0.22285708785057068
0.8689489960670471
1.040552020072937
0.2570681571960449
0.6033783555030823
0.4269884526729584
0.710466742515564
0.5395199656486511
0.541845440864563
0.46293890476226807
0.9237080216407776
1.155368685722351
0.8776898980140686
0.2732594609260559
0.6833057403564453
1.087343454360962
0.839547336101532
0.6490209102630615
0.5994812250137329
0.6328809857368469
1.1243761777877808
0.9907425045967102
0.198976069688797
0.8858895897865295
0.8487154841423035
0.944886326789856
0.5245033502578735
1.1660034656524658
0.21489931643009186
0.43701308965682983
0.9468042850494385
0.7064576745033264
0.9897957444190979
0.591869592666626
1.0741991996765137
0.9573349356651306
1.014045000076294
0.7797637581825256
1.0937461853027344
1.1315243244171143
0.4756019115447998
0.7741261124610901
0.34117981791496277
0.7179508805274963
0.9697334170341492
0.6116473078727722
1.1473110914230347
0.9003778100013733
0.8870325088500977
0.8443109393119812
0.8593643307685852
0.7673742175102234
0.4932979345321655
1.1244009733200073
0.8227763175964355
1.009402871131897
0.8227624297142029
1.1981219053268433
1.0552029609680176
0.5683475136756897
0.7933064699172974
0.5178576707839966
1.1869003772735596
1.0655063390731812
0.9244723916053772
1.1526240110397339
0.9713971614837646
0.5456870794296265
0.9483141899108887
1.167837381362915
0.9066277742385864
0.9781889915466309
0.5392687916755676
0.6665700674057007
1.1764178276062012
1.110350251197815
1.068369746208191
1.1564176082611084
0.9132866859436035
0.9780653715133667
1.0049210786819458
0.4267115890979767
0.8312986493110657
0.7867341041564941
0.46496930718421936
0.9471903443336487
1.0421956777572632
1.131109356880188
0.9768974184989929
1.0487024784088135
0.7027817964553833
0.8777220249176025
1.055367350578308
1.1143958568572998
0.7974089980125427
0.5302148461341858
0.7321100831031799
1.0636053085327148
0.7733997106552124
1.1116738319396973
0.769517719745636
1.0125514268875122
1.110012412071228
1.004248857498169
0.5951539874076843
0.5875592231750488
0.9714230298995972
0.6936256885528564
0.3772318661212921
1.0340381860733032
0.9476878046989441
1.0067020654678345
0.7641701698303223
1.1482757329940796
0.8933424949645996
0.8719921708106995
0.9812606573104858
1.16471529006958
1.1536637544631958
0.8611776828765869
1.1552923917770386
1.0314059257507324
0.9246631264686584
1.1913203001022339
0.766998291015625
0.8457333445549011
0.8467926383018494
0.7268522381782532
1.1220511198043823
0.5618834495544434
0.7246821522712708
0.9218863844871521
1.1436007022857666
0.810976505279541
0.9359272718429565
1.037101149559021
1.1614668369293213
1.1995315551757812
0.541190505027771
0.916212260723114
0.9001532793045044
0.995857834815979
0.45326361060142517
0.9954635500907898
1.1156036853790283
0.6177731156349182
0.5767866373062134
0.8597315549850464
0.28065183758735657
1.1837786436080933
0.6941037178039551
1.0600274801254272
1.1419885158538818
0.2591117322444916
0.7516058683395386
0.9863821268081665
1.0160071849822998
0.5898557901382446
0.8914911150932312
1.162306547164917
0.5705121755599976
0.7496593594551086
0.7369956374168396
0.41401952505111694
0.8866757154464722
0.6326465606689453
0.7987859845161438
0.9220517873764038
0.7992039322853088
0.5010584592819214
1.1628626585006714
0.31809160113334656
1.2010502815246582
0.4036198854446411
1.1624878644943237
1.1134746074676514
0.794685423374176
1.0436559915542603
0.8367481231689453
0.8221107721328735
0.41579532623291016
0.16943298280239105
0.587433397769928
1.1106129884719849
1.1979457139968872
0.4537052810192108
0.824135422706604
0.1434570848941803
0.9207845330238342
0.9041531085968018
0.8973844051361084
0.9322178363800049
0.47173720598220825
1.06513512134552
0.6594529151916504
0.5591557621955872
0.8677108883857727
0.7383112907409668
1.0902884006500244
1.1337858438491821
0.2181607484817505
1.1209099292755127
1.0466994047164917
0.9634919166564941
0.6834926009178162
1.046383023262024
0.4180150628089905
0.7706150412559509
1.1013020277023315
0.652722954750061
0.9424581527709961
0.9350358843803406
0.5376974940299988
1.0602585077285767
0.8613353967666626
1.1972973346710205
1.1765549182891846
0.6887602806091309
0.7176865339279175
0.42711812257766724
0.501515805721283
1.1314464807510376
1.0381226539611816
1.0840131044387817
0.8034673929214478
0.6554809808731079
1.1778898239135742
1.1752814054489136
0.6827850937843323
1.0282644033432007
0.44270721077919006
1.1599981784820557
1.1763339042663574
0.5641838312149048
1.010905146598816
0.8320996761322021
0.7156540155410767
0.8974910378456116
1.0827630758285522
1.0612729787826538
0.8521522283554077
0.8742133975028992
0.844092071056366
0.8794866800308228
1.114989995956421
0.6864215135574341
0.9536804556846619
0.7745401263237
1.006111741065979
1.0895397663116455
0.852676272392273
1.0823410749435425
1.0221267938613892
0.6035575866699219
1.1133280992507935
1.1579371690750122
0.9613996744155884
1.1676055192947388
1.202506422996521
0.6195412278175354
1.1113615036010742
1.1039047241210938
0.4425208270549774
0.6574386954307556
0.8995476365089417
0.9521032571792603
1.1656194925308228
1.1200072765350342
0.60773766040802
1.1376616954803467
0.7033336162567139
0.9099946618080139
1.1621973514556885
0.7838987112045288
1.005306363105774
0.9269658327102661
0.6585504412651062
0.2982105314731598
0.44387945532798767
0.6714347004890442
0.9274830222129822
0.21360699832439423
0.8011434078216553
0.8354367613792419
0.6731023192405701
1.1976240873336792
1.1075239181518555
0.7330121397972107
0.6407172679901123
1.1897914409637451
0.9272234439849854
0.5875963568687439
0.6275655031204224
1.1554542779922485
0.20092958211898804
1.112998366355896
0.8435101509094238
0.36721235513687134
0.5549262166023254
0.35557451844215393
0.8952174186706543
0.6737241744995117
1.1335208415985107
1.0487474203109741
0.9177728891372681
1.0921704769134521
0.20628082752227783
0.6649509072303772
1.06686532497406
0.1820310354232788
0.5966065526008606
0.6059803366661072
1.1684247255325317
0.29365286231040955
0.5442390441894531
1.1935105323791504
0.9313865303993225
0.9272741079330444
0.8174893856048584
1.1163970232009888
1.088394284248352
1.146343469619751
1.147424340248108
0.6792736649513245
0.3603482246398926
0.9776302576065063
0.45906224846839905
0.8390531539916992
0.8620774745941162
0.5633529424667358
0.9869915246963501
0.3150961101055145
0.395749568939209
0.55531245470047
0.6528962850570679
0.8149380683898926
0.9393974542617798
1.1583820581436157
0.800696849822998
0.8941483497619629
1.0049747228622437
0.6091949343681335
0.9188876152038574
0.6577167510986328
0.8801975846290588
0.8239797949790955
0.8223940134048462
0.6172711253166199
0.9089648127555847
0.9308468699455261
0.6324448585510254
1.0685315132141113
0.9140930771827698
0.3914766013622284
1.2000735998153687
1.1074707508087158
0.9337196946144104
0.9000667929649353
1.1978175640106201
0.4059602618217468
1.1220427751541138
0.6744322180747986
0.7922480702400208
0.9547504186630249
0.9844521880149841
0.6412206888198853
1.1233623027801514
0.8179468512535095
0.6063345074653625
0.5214487910270691
0.912578284740448
0.8063299655914307
1.1112885475158691
0.8947727084159851
1.0291950702667236
0.7682446837425232
0.7456315755844116
1.1654132604599
0.6622075438499451
0.9447363018989563
0.7604683637619019
0.9127593040466309
0.9687640070915222
1.187912940979004
0.4878224730491638
0.5816618204116821
0.7580536007881165
0.9766315817832947
0.6782394647598267
1.1898977756500244
1.0861774682998657
1.0770050287246704
1.166268229484558
0.8811773657798767
0.6894629001617432
1.0504753589630127
0.8707263469696045
0.2700800597667694
0.9762094020843506
0.6394770741462708
0.8424890637397766
0.8876481652259827
0.5360990762710571
0.41360920667648315
0.8695560693740845
1.1503509283065796
1.1519379615783691
0.8898322582244873
0.8589761853218079
0.9578498601913452
0.3036300539970398
1.1790051460266113
0.7951253652572632
0.6601643562316895
1.156431794166565
0.9889321327209473
0.3668561577796936
0.8945266008377075
0.7785188555717468
1.1171752214431763
0.5606363415718079
0.9207572937011719
0.7728924751281738
0.9091082811355591
0.5607204437255859
0.8187870383262634
0.7276808023452759
1.111169695854187
1.1221380233764648
0.7445340752601624
0.5945565700531006
0.6120917201042175
0.9250405430793762
1.1534664630889893
0.7022542357444763
0.7932347655296326
0.6768105626106262
1.0402348041534424
0.7755288481712341
0.8633961081504822
1.155537486076355
0.8440865278244019
0.7769618034362793
0.9475960731506348
0.39254292845726013
0.7090160846710205
0.26016703248023987
0.9237847328186035
1.0244216918945312
1.071666955947876
1.0041579008102417
0.694067656993866
0.8246498107910156
0.8669840693473816
1.0301607847213745
0.9821324348449707
0.8723666071891785
0.7833151817321777
0.7164757251739502
1.1253283023834229
0.9933898448944092
0.7214774489402771
0.9977489113807678
0.9522716999053955
0.4681626558303833
0.6181689500808716
0.8390796780586243
1.0804039239883423
0.6489078998565674
0.7545629739761353
1.1020337343215942
0.8113914728164673
0.9544426202774048
0.777780294418335
0.48370614647865295
1.021917462348938
0.9334211349487305
1.1028200387954712
0.4943661689758301
1.0388063192367554
0.8312487006187439
0.526602566242218
0.8814128637313843
1.1595168113708496
0.39009934663772583
1.0364129543304443
0.669242262840271
0.52419513463974
1.0397950410842896
0.97389155626297
1.0141241550445557
0.6644541621208191
1.114021897315979
1.1589508056640625
0.9513739943504333
0.9944780468940735
0.9329614043235779
0.8936734199523926
1.0014302730560303
0.41316041350364685
0.6336289048194885
0.8751482963562012
0.9793643355369568
0.8084500432014465
0.7567166686058044
0.7522425651550293
0.9290083050727844
0.9498856067657471
0.9834197163581848
0.6105506420135498
0.3762500584125519
0.6918813586235046
0.9805129170417786
0.9603843092918396
0.6103436946868896
1.1596510410308838
0.7384103536605835
0.996152400970459
0.9329254031181335
1.1930073499679565
0.8700117468833923
0.311441034078598
0.7577567100524902
1.144577145576477
0.9517418742179871
1.062193751335144
1.1524266004562378
1.0792685747146606
1.1593976020812988
0.9905537962913513
1.0403803586959839
0.3398505449295044
1.1622307300567627
1.049483299255371
0.2147967666387558
0.886355459690094
1.1210867166519165
1.1031999588012695
0.5941361784934998
0.3374684751033783
1.1207811832427979
1.050187587738037
0.9697798490524292
0.4650154113769531
0.8222643136978149
0.5230845212936401
0.9133564829826355
1.1188080310821533
0.5473500490188599
0.8831589818000793
1.1101746559143066
1.0463662147521973
0.6773794889450073
1.1137830018997192
0.7326995134353638
1.1742652654647827
0.6896932125091553
0.4212501347064972
1.1403685808181763
0.5577529072761536
0.8836358189582825
0.9876092076301575
1.1820133924484253
0.8643115162849426
0.9248532056808472
0.9128284454345703
0.6316691637039185
0.7301537394523621
0.7294549942016602
0.4670550227165222
0.9800201058387756
1.201177716255188
0.5521594882011414
0.8979476094245911
0.8013846278190613
1.040270209312439
0.9676241874694824
1.1654939651489258
0.900297999382019
0.9578765630722046
0.2690475285053253
0.8239824771881104
1.1940072774887085
1.1140364408493042
0.3081262707710266
0.6696241497993469
0.7920336127281189
0.42219823598861694
1.1140003204345703
0.9345772862434387
1.1945099830627441
0.9755300879478455
1.2003905773162842
0.509139895439148
0.4362569749355316
1.102980375289917
0.6804763674736023
1.0766178369522095
0.9569457769393921
1.019652009010315
0.5843449831008911
0.6838371157646179
0.6489346623420715
0.675367534160614
1.1735098361968994
0.8280190229415894
0.8906958699226379
0.49075847864151
0.7478082180023193
1.0466029644012451
0.9085323810577393
1.0982009172439575
0.7701407074928284
0.6413593888282776
0.6655489206314087
1.0561482906341553
0.48114392161369324
0.7396303415298462
0.5506792664527893
0.5132097601890564
0.6821936368942261
0.7033960223197937
0.6420765519142151
0.2976071238517761
1.1823232173919678
0.4956299066543579
0.9865272641181946
0.9648352265357971
0.8962022066116333
1.1847096681594849
0.9458189606666565
0.3065296411514282
1.1050455570220947
0.7335102558135986
0.9273203015327454
1.1851799488067627
0.5684052109718323
0.934852123260498
1.1329976320266724
1.011647343635559
1.0452461242675781
1.1841692924499512
1.1425119638442993
0.6084352135658264
0.6706336736679077
1.0946649312973022
0.7208542823791504
1.17166006565094
1.1271859407424927
0.9593235850334167
0.766329824924469
0.9738585352897644
0.9993627667427063
0.28176209330558777
0.7863522171974182
0.8023779392242432
0.9685969948768616
0.7634638547897339
0.7824788093566895
0.980595052242279
1.161157250404358
0.7338650822639465
0.9968934059143066
1.140373706817627
1.1276657581329346
0.9227882623672485
1.1620880365371704
1.1804367303848267
1.0309680700302124
0.09568023681640625
0.7146568894386292
0.11996810138225555
0.8174432516098022
1.1442378759384155
0.9594132304191589
1.1202244758605957
0.9665202498435974
0.8253791332244873
1.1413203477859497
0.927924394607544
0.9911705851554871
0.8308307528495789
0.6165267825126648
0.38751307129859924
0.6458621025085449
0.668091356754303
0.8783299326896667
0.7446210384368896
1.0261523723602295
0.700233519077301
1.1747480630874634
0.7899436950683594
0.956293523311615
1.1701328754425049
0.3513428866863251
1.1371906995773315
0.2948548197746277
0.5731921792030334
0.9818630218505859
1.1150987148284912
0.9082361459732056
1.1735475063323975
1.0145529508590698
1.0944209098815918
0.8189104199409485
0.659351646900177
0.5323341488838196
1.0058103799819946
0.48366260528564453
0.3997698128223419
0.7060763835906982
1.016281008720398
1.0202462673187256
0.4412948787212372
0.2759101986885071
0.8870676159858704
0.7900062799453735
0.9633524417877197
0.7358289957046509
0.981576144695282
1.0246961116790771
0.4680529832839966
0.9429556727409363
0.679777979850769
0.4680601954460144
0.5946127772331238
0.6615450382232666
0.8161346912384033
1.154342532157898
1.0076518058776855
0.3551805317401886
1.1820626258850098
0.9522244930267334
0.8749133348464966
0.7598458528518677
1.0798128843307495
0.9894999265670776
0.460465669631958
1.1934930086135864
1.1668685674667358
0.7308012843132019
1.1421220302581787
1.1453243494033813
0.8906809091567993
0.981351375579834
0.8838228583335876
0.5267724394798279
1.0592933893203735
0.9023333787918091
0.7412840127944946
1.1370916366577148
0.5433456301689148
0.5015577077865601
1.1426177024841309
0.669544517993927
1.1803427934646606
1.1689451932907104
0.7572567462921143
0.8662354946136475
0.8580113649368286
0.712173581123352
1.1219987869262695
0.538208544254303
0.6830865144729614
1.1005879640579224
0.7653244733810425
1.083516240119934
0.7496534585952759
1.201099157333374
0.9988558888435364
1.041183352470398
0.7402675747871399
0.9689248204231262
0.462365984916687
0.9311100244522095
1.1470122337341309
1.1809037923812866
0.7978326678276062
1.1125034093856812
0.9334148168563843
1.1496667861938477
1.081051230430603
0.9298027753829956
1.1469708681106567
1.1589254140853882
0.5053793787956238
0.8697521090507507
0.5953550934791565
0.8075602650642395
0.9705566167831421
1.1118565797805786
0.7334256172180176
0.6919044852256775
1.1372592449188232
1.1100003719329834
1.0574696063995361
1.1898319721221924
1.1807663440704346
0.5629774332046509
1.0485162734985352
1.1711779832839966
0.6614328622817993
0.932898998260498
0.7995516061782837
0.6283019781112671
0.7790315747261047
1.1375749111175537
1.1058799028396606
1.1180106401443481
1.0378001928329468
0.8716548085212708
1.0868819952011108
1.0756700038909912
0.6784381866455078
1.1229356527328491
0.46123865246772766
0.838360607624054
0.9120343327522278
1.0385277271270752
1.1008158922195435
1.0326852798461914
0.7192551493644714
0.6462681293487549
0.7269719839096069
1.1774828433990479
0.6030643582344055
0.49470919370651245
1.004570484161377
0.3248421251773834
1.1094447374343872
1.0998722314834595
1.190907597541809
0.8978564739227295
1.1822524070739746
1.0372896194458008
0.8062757849693298
0.722745418548584
0.7285683155059814
1.1070623397827148
0.8177525401115417
1.0879673957824707
0.36518943309783936
0.7031831741333008
1.036475419998169
0.5795711874961853
1.1999396085739136
0.8088908791542053
0.6215081810951233
0.7491090893745422
0.8526967167854309
0.5307728052139282
0.7781023383140564
1.047946810722351
0.4945293366909027
0.9690945744514465
0.7330788373947144
0.9810836315155029
1.1766310930252075
1.168304204940796
0.20342563092708588
0.61313796043396
1.0599427223205566
0.8376491069793701
1.02241849899292
0.6593624353408813
0.689577043056488
0.9509414434432983
0.64649498462677
0.7049353718757629
1.0394344329833984
0.8250236511230469
0.8518065810203552
0.2906058728694916
1.188929557800293
1.014636754989624
0.889705240726471
1.1460509300231934
0.9844263792037964
0.4972655177116394
0.7241323590278625
0.5670668482780457
0.5792288184165955
1.202494502067566
0.7127590775489807
0.8377512097358704
1.017661213874817
0.7711082100868225
0.9836098551750183
0.3115319013595581
1.158945083618164
0.7126230597496033
1.1389894485473633
0.7843948006629944
1.0115504264831543
1.1507751941680908
1.0892858505249023
0.7473061680793762
0.6561725735664368
0.6758725047111511
0.6769697070121765
1.1139085292816162
0.3770741820335388
0.3511413633823395
1.1143114566802979
0.9220232367515564
0.6067835688591003
0.5083312392234802
1.1582887172698975
1.1039577722549438
0.6345966458320618
0.9182277917861938
1.123846173286438
1.0655726194381714
1.0385980606079102
1.0664044618606567
0.3333200216293335
0.7796778082847595
0.9484153985977173
1.2016096115112305
0.7909488677978516
1.1277650594711304
1.1787229776382446
0.903085470199585
1.191572904586792
0.15295296907424927
0.5576232075691223
0.5755417346954346
0.7170425653457642
1.0329595804214478
0.6820405721664429
1.159732699394226
0.4780457615852356
1.0455106496810913
0.4995998442173004
1.0379836559295654
0.36343222856521606
1.1752891540527344
0.8317908644676208
0.6258280873298645
1.1036994457244873
1.1474136114120483
1.1224921941757202
0.6384907960891724
1.154144048690796
1.1992597579956055
0.7678154110908508
0.3951844871044159
1.1652798652648926
1.0192540884017944
0.7347831726074219
0.9658862352371216
0.7000841498374939
1.0406283140182495
1.0957154035568237
0.9757153391838074
0.7647444605827332
0.8234624266624451
1.0632919073104858
1.1210969686508179
0.9146628975868225
0.3795689344406128
0.8750110268592834
0.9379011988639832
0.7821221351623535
0.5830572843551636
1.1782010793685913
0.8037579655647278
1.1120275259017944
0.32488003373146057
1.1344095468521118
0.97049880027771
1.0182350873947144
1.0419278144836426
0.9497771859169006
0.5769749879837036
1.1323713064193726
0.8471271991729736
0.47733575105667114
0.42440012097358704
0.7820789217948914
0.560695230960846
0.6058220863342285
1.0548495054244995
0.7030719518661499
1.0506006479263306
0.6954388618469238
0.9798471331596375
1.0571787357330322
0.9119566082954407
0.8505001068115234
0.39312687516212463
0.8698592782020569
1.1580252647399902
0.38184696435928345
0.6103120446205139
0.2973299026489258
1.0807769298553467
0.5477189421653748
1.1371480226516724
0.8928378224372864
0.7888301014900208
0.856985867023468
1.129634141921997
1.0614222288131714
1.0200083255767822
1.0060309171676636
0.9308274984359741
1.090943694114685
0.6799525618553162
0.9183676242828369
1.0179916620254517
1.0134437084197998
1.0872642993927002
0.8266056180000305
1.0143245458602905
1.0483169555664062
0.809099555015564
0.9543148279190063
1.0048182010650635
1.1193276643753052
0.8085827231407166
0.35873693227767944
1.1869122982025146
1.10110342502594
0.5880595445632935
0.8900793194770813
0.9679059982299805
0.4052172303199768
0.8312172889709473
1.202593207359314
0.949356198310852
1.048336386680603
0.9993926882743835
1.1773720979690552
0.9511806964874268
1.1549944877624512
0.7385086417198181
0.8352051973342896
1.1105027198791504
1.1141855716705322
0.877366840839386
0.9869336485862732
1.0401257276535034
0.9923895001411438
1.123633623123169
0.6408069729804993
0.7520081996917725
0.5979406237602234
1.076223373413086
0.43116047978401184
0.8655772805213928
0.6476278901100159
1.1834399700164795
0.42691025137901306
0.9892757534980774
1.0423312187194824
0.7148866057395935
1.003750205039978
0.3826625943183899
0.9491810202598572
0.8886057138442993
0.2975716292858124
1.1998354196548462
0.13764536380767822
0.9944877028465271
0.6650570631027222
1.0820696353912354
1.181065320968628
1.0506017208099365
0.8376857042312622
0.9632003903388977
1.1948693990707397
1.0585931539535522
0.12670394778251648
1.0634605884552002
0.8042424321174622
0.6122082471847534
1.0371280908584595
0.9399493932723999
0.8586841225624084
1.1274855136871338
0.9867491722106934
0.6921285390853882
0.5465520620346069
0.9926506280899048
0.7824944257736206
1.114609956741333
0.687954306602478
0.5908505320549011
0.9904189705848694
1.0646779537200928
0.7530202269554138
1.0764847993850708
1.1471189260482788
0.9591720104217529
1.1563462018966675
1.100750207901001
0.15052136778831482
1.1209402084350586
1.167407751083374
0.901870846748352
0.7299174070358276
0.2591001093387604
0.924531102180481
0.9599664211273193
0.9759403467178345
0.9065531492233276
1.0858123302459717
1.0676887035369873
0.9657540321350098
1.1068710088729858
0.7348443269729614
0.6141524910926819
0.6106273531913757
0.7389553785324097
0.9265004396438599
0.9506274461746216
0.6885859370231628
0.8781734704971313
0.691787838935852
0.8742555379867554
0.8690730333328247
0.9919513463973999
0.6373966932296753
1.1562299728393555
1.1158695220947266
0.24086424708366394
0.5288392901420593
0.4855828881263733
0.9488134980201721
1.1951730251312256
0.1944294422864914
0.7690900564193726
0.6567793488502502
0.9892807602882385
1.0262843370437622
1.0391298532485962
0.36380210518836975
1.0194997787475586
0.5744171142578125
0.8217751383781433
1.0968972444534302
0.9704838991165161
0.7167688608169556
0.4892496168613434
0.78877192735672
0.5230765342712402
0.9921584725379944
1.0187633037567139
1.1717053651809692
0.5422171950340271
0.9979174137115479
0.24773374199867249
0.7696565389633179
1.0238401889801025
0.6708351969718933
1.0883067846298218
0.9277715682983398
1.0158756971359253
0.7493069171905518
0.6101588606834412
0.8932912945747375
0.4917527437210083
0.5888121724128723
0.9943558573722839
0.8250752687454224
1.1051714420318604
0.45124977827072144
0.6697195172309875
1.1270654201507568
1.0054574012756348
1.100581407546997
0.8980196714401245
0.9396689534187317
0.8921929597854614
0.6049364805221558
0.9435074329376221
0.20460572838783264
1.0520178079605103
1.1674715280532837
0.4343479573726654
1.1061395406723022
0.8668224811553955
1.1422767639160156
0.9450028538703918
0.8228505849838257
0.5663372874259949
1.1423726081848145
1.103685975074768
1.147101640701294
0.8917372822761536
1.165838599205017
1.14139723777771
0.5515021681785583
0.8948431015014648
0.6687414646148682
0.598839521408081
0.6884260177612305
0.8167024850845337
1.1724731922149658
0.6970816850662231
1.1958481073379517
0.9372385740280151
1.0978238582611084
0.7460306286811829
1.0421066284179688
0.5576561093330383
0.47615841031074524
0.9814411401748657
0.9668912291526794
1.0528558492660522
0.9140714406967163
1.0215702056884766
0.7263376712799072
1.120693564414978
1.065685510635376
0.4868527054786682
0.8863538503646851
0.5910617113113403
1.1937109231948853
0.2982378304004669
1.0404436588287354
1.1583372354507446
0.971535861492157
0.8493956327438354
0.8911964297294617
1.0908753871917725
0.7338373064994812
0.939732551574707
0.778441846370697
1.0285874605178833
0.8919296860694885
1.1251057386398315
0.5513895153999329
0.5554093718528748
1.1783037185668945
0.8189185857772827
1.100980281829834
0.7224925756454468
1.0198397636413574
0.770814836025238
1.1498019695281982
0.6436667442321777
0.6223152875900269
0.7825786471366882
1.1133290529251099
0.623563289642334
0.7136560678482056
0.5031940937042236
0.9069303870201111
0.9072391390800476
1.134169101715088
0.8548074960708618
1.0604431629180908
0.7460110187530518
0.5233809947967529
0.7749250531196594
1.062612771987915
0.6893552541732788
0.686372697353363
0.8523672223091125
0.23490238189697266
0.25530436635017395
1.1280899047851562
1.032492756843567
1.080208420753479
0.5945421457290649
0.415759414434433
0.5793484449386597
0.9516848921775818
1.1813623905181885
0.7544680833816528
1.0011696815490723
0.5301430821418762
0.4799259305000305
0.8903886675834656
0.839827299118042
1.013838291168213
0.6521589159965515
0.8679739236831665
0.6054133772850037
1.0578687191009521
0.9100149273872375
1.0786962509155273
1.1048719882965088
0.5963171720504761
0.6645126938819885
1.0004336833953857
0.6149919629096985
1.0259455442428589
0.4955894351005554
0.687529444694519
1.012493371963501
1.173843502998352
1.1381019353866577
0.607542872428894
0.4492739737033844
0.4742280840873718
1.146547794342041
0.7152273058891296
0.6756325364112854
0.4656749963760376
1.0428109169006348
1.0311968326568604
0.7398825883865356
0.9241119623184204
1.1511954069137573
0.9000570178031921
0.7353695631027222
0.6184628009796143
1.1393229961395264
0.28863394260406494
0.8519753217697144
0.6853705048561096
0.42346081137657166
1.185742735862732
1.1381481885910034
1.1028714179992676
0.8959608674049377
1.119225025177002
0.9108251333236694
0.7370392680168152
1.1832571029663086
0.9839767217636108
0.34533581137657166
0.7322261929512024
0.660183310508728
1.0453670024871826
1.1337239742279053
1.1535757780075073
0.9707393646240234
0.8681115508079529
0.5701085925102234
1.195704460144043
1.1204200983047485
0.7600346207618713
1.1907075643539429
0.9004552960395813
1.1460082530975342
1.108137607574463
0.6122873425483704
1.0972623825073242
0.7055365443229675
1.1272984743118286
0.7054058909416199
1.085562825202942
0.8925233483314514
1.1153191328048706
1.0854078531265259
0.6879427433013916
0.34283971786499023
0.7746686339378357
1.1241730451583862
0.7270590662956238
1.1220287084579468
0.7027037739753723
0.8249601721763611
0.8515917658805847
1.1343196630477905
1.122270941734314
0.8744937777519226
0.42658647894859314
1.18168044090271
0.9205308556556702
0.8109102845191956
0.8041649460792542
0.8651413321495056
0.8848876953125
1.1783294677734375
0.6561540365219116
0.9375132322311401
0.6217443346977234
0.7688620090484619
1.20033860206604
1.0213322639465332
0.7663706541061401
0.9744670987129211
1.1070506572723389
0.4073416590690613
1.025105595588684
0.6162357330322266
1.092289686203003
0.8353077173233032
0.8480287790298462
0.5272985696792603
0.6618391871452332
0.861427366733551
0.29714319109916687
1.0992130041122437
0.9717408418655396
1.1108192205429077
0.2105158120393753
0.9177940487861633
0.9862592220306396
0.7735591530799866
0.6124229431152344
0.5700128674507141
0.7064722180366516
1.1558171510696411
0.7851593494415283
1.1425204277038574
0.8912522196769714
1.0793931484222412
0.48348167538642883
0.9333298802375793
1.1353015899658203
1.19779634475708
0.8976477980613708
0.8421103358268738
0.9382212162017822
0.9551739692687988
0.9760477542877197
0.6823556423187256
1.1885297298431396
0.530695915222168
0.9558435678482056
0.995603621006012
1.179811716079712
0.7847599387168884
0.9233769178390503
1.165085792541504
0.7748473286628723
0.8266257047653198
1.1800134181976318
0.8173215985298157
0.6676457524299622
0.7358802556991577
0.5291963815689087
1.0303117036819458
1.105648159980774
0.639427661895752
1.0573952198028564
0.5424646139144897
0.7612521648406982
1.109718918800354
0.345786452293396
0.8952298760414124
1.0524723529815674
0.744321346282959
0.8861644268035889
0.6972036361694336
1.1537595987319946
0.859801709651947
0.43438437581062317
1.1560438871383667
1.1658309698104858
0.9113422632217407
0.8686041235923767
0.6734886169433594
1.1446177959442139
0.4595102369785309
1.0569134950637817
1.015067458152771
1.1398366689682007
0.42472386360168457
1.0173550844192505
0.5396358370780945
1.113631248474121
1.1737796068191528
0.31770533323287964
1.122182011604309
0.8198583722114563
0.7481157183647156
0.6205657720565796
0.8802708387374878
0.7850122451782227
0.9592213034629822
0.29841336607933044
0.4474555552005768
0.7711119055747986
0.9248115420341492
0.6534060835838318
0.9002197980880737
0.5758652687072754
1.0128960609436035
0.4330538809299469
1.1494379043579102
1.167826771736145
0.8180615305900574
0.8919501304626465
0.2349211871623993
1.0366442203521729
0.3825976252555847
0.6741031408309937
0.9953069686889648
1.149308443069458
0.9466358423233032
0.9343961477279663
0.7235391139984131
0.9221149682998657
1.1542731523513794
0.7498036026954651
0.6973455548286438
1.1532331705093384
0.22267085313796997
0.6991609930992126
0.7106606960296631
1.084293246269226
0.7956362366676331
0.9885355234146118
0.8628561496734619
1.1036596298217773
1.184305191040039
1.1205966472625732
1.1802200078964233
1.0330047607421875
1.117982029914856
0.7284447550773621
0.9062675833702087
1.0389593839645386
0.8239491581916809
0.7605656981468201
0.873259961605072
0.9397922158241272
0.9476439356803894
0.9394798874855042
1.0503195524215698
1.0036698579788208
0.5491682291030884
0.9721293449401855
1.1823365688323975
0.26818010210990906
0.6869145631790161
1.0811997652053833
1.1167937517166138
0.9190911650657654
1.002166509628296
1.106117606163025
1.1339133977890015
0.7794235348701477
0.6355320811271667
0.5147870779037476
1.1740286350250244
1.0491549968719482
0.8045587539672852
1.1976269483566284
1.0197205543518066
0.6774513721466064
0.8467723727226257
0.7355796694755554
1.0392578840255737
0.9123170971870422
1.1478509902954102
1.0131317377090454
0.3095282316207886
0.8340418338775635
0.4160698652267456
0.1750771403312683
1.0802096128463745
0.7844565510749817
1.087425947189331
1.198843002319336
1.0068663358688354
0.6512513756752014
0.8926884531974792
0.4430758059024811
0.7270531058311462
0.5209509134292603
1.1896090507507324
0.903668224811554
0.9692307710647583
0.9447264671325684
0.47502070665359497
1.039900779724121
1.0644798278808594
0.8875229358673096
0.7646800875663757
0.9961212873458862
1.0514945983886719
1.0715675354003906
0.8785072565078735
0.9306690692901611
0.7309935092926025
1.1746551990509033
1.0921789407730103
0.9158303737640381
0.3808169960975647
1.089044213294983
0.470763236284256
0.15804237127304077
1.0557669401168823
0.8394098877906799
1.0982242822647095
1.1127079725265503
0.8888199329376221
0.2540573179721832
1.021132230758667
0.8334129452705383
1.1250005960464478
1.1758060455322266
0.8202941417694092
1.0235174894332886
0.8975216746330261
0.8513708710670471
0.7509152293205261
1.049782633781433
0.5456182956695557
0.3487069010734558
1.031675934791565
1.082848310470581
1.1849828958511353
0.8421535491943359
0.700363039970398
0.5654223561286926
0.6960423588752747
0.8134998679161072
0.8608870506286621
0.30141299962997437
0.6608662009239197
1.1564706563949585
1.1925525665283203
0.7895457148551941
0.9032238125801086
0.6775903105735779
0.836481511592865
0.9103401899337769
0.7690867781639099
0.27057158946990967
0.867901623249054
0.44999241828918457
0.9574283361434937
1.1597473621368408
0.8364346623420715
0.5908140540122986
0.5066928267478943
0.40310654044151306
0.5552352666854858
1.0256412029266357
0.966447651386261
0.7319134473800659
0.8794055581092834
0.5614722371101379
0.3461381793022156
0.8818169236183167
0.8125901818275452
1.1417654752731323
0.9151305556297302
0.7923406362533569
0.8047954440116882
1.0882220268249512
0.7908894419670105
0.6875661611557007
1.1506887674331665
0.4881143271923065
1.124118685722351
0.7749814987182617
0.41768741607666016
0.9329770803451538
0.7829350233078003
0.9488551020622253
0.46642979979515076
0.9542624354362488
0.7657819986343384
0.8749571442604065
0.40765777230262756
1.1427507400512695
1.0806206464767456
0.7282507419586182
1.1917805671691895
1.1476092338562012
0.7961265444755554
0.7755797505378723
1.1740219593048096
1.1147220134735107
0.9879503846168518
0.5404279828071594
0.6910440325737
1.1681333780288696
0.8372628688812256
0.7316299080848694
1.1041638851165771
0.8493993878364563
1.0596072673797607
1.1680922508239746
0.5502040982246399
0.3750791549682617
0.4426196217536926
0.7388296723365784
0.6802903413772583
1.1775193214416504
1.0680170059204102
0.7085564136505127
0.7053452134132385
0.8890873193740845
0.8871464133262634
1.0641214847564697
1.0034269094467163
0.9863478541374207
0.8166311383247375
1.1300381422042847
0.5623481273651123
1.1875648498535156
1.1916213035583496
0.9604275226593018
0.7799549698829651
0.6485857963562012
0.6609371304512024
1.1668763160705566
1.1201839447021484
1.0460184812545776
0.20605435967445374
0.7575569748878479
0.779902994632721
0.9922969341278076
0.7328044176101685
0.6544768810272217
0.8253117203712463
1.147125244140625
1.1661514043807983
0.4559345543384552
1.1379855871200562
0.6014452576637268
0.5678895115852356
1.1313408613204956
0.9212483763694763
0.5626115202903748
1.1806362867355347
0.45420554280281067
1.1233887672424316
1.134297251701355
0.6023061871528625
0.9776745438575745
0.5165584683418274
0.8290830850601196
1.0263363122940063
0.7238121032714844
0.6282956004142761
0.6545937061309814
1.072196125984192
1.165010929107666
0.44261306524276733
0.16105706989765167
1.105002522468567
0.6916403770446777
1.1845827102661133
0.7482331991195679
0.5948261618614197
0.542273998260498
0.8721587061882019
1.0471519231796265
0.6552857756614685
0.4567457437515259
0.7490742802619934
0.9217140078544617
1.1267669200897217
1.1328972578048706
0.775407075881958
1.0112804174423218
1.1461979150772095
1.0841996669769287
1.0189288854599
0.6495687961578369
0.8402761816978455
0.9070015549659729
1.1051205396652222
0.850654661655426
0.9914923906326294
0.8545562028884888
1.0429730415344238
0.945397675037384
1.071794867515564
1.1575359106063843
1.1065775156021118
1.127893328666687
1.0208663940429688
1.0496200323104858
0.7579148411750793
0.7048279047012329
1.139374017715454
1.0051504373550415
0.9199009537696838
0.9676390886306763
0.7300271391868591
1.0961415767669678
0.7043944597244263
0.8042022585868835
1.1694755554199219
0.9211305975914001
0.5860350728034973
0.7653534412384033
1.060276985168457
0.7484098076820374
0.9093549251556396
1.1925634145736694
1.0271481275558472
0.41897082328796387
0.7117453217506409
0.7576515674591064
0.8104637265205383
1.0859720706939697
1.098555564880371
0.23029743134975433
1.1412756443023682
0.5648421049118042
0.8276574611663818
0.7526862025260925
1.1200007200241089
1.1705572605133057
0.6955756545066833
0.5567950010299683
0.508595883846283
1.0969092845916748
0.2260904759168625
0.7115097045898438
1.035543441772461
0.8635115027427673
0.7182756066322327
1.1156350374221802
1.1962158679962158
0.8021740317344666
1.0396676063537598
0.47154009342193604
1.0769437551498413
1.1135860681533813
0.5488558411598206
0.8856642842292786
0.5770956873893738
1.1556237936019897
1.1131857633590698
0.711765468120575
1.17666494846344
0.6516284346580505
1.1389812231063843
0.9134185910224915
0.4722885489463806
0.19374267756938934
0.7837964296340942
1.1437978744506836
1.1521416902542114
1.1870205402374268
0.6733447909355164
1.1626613140106201
0.9197834730148315
1.0656124353408813
0.9917177557945251
0.46529170870780945
1.0429718494415283
0.32135385274887085
0.9604349136352539
1.0676727294921875
0.9647306203842163
0.9887961149215698
0.9166233539581299
0.8173757791519165
0.5858803391456604
1.0970165729522705
0.6510860919952393
0.888112485408783
0.9532662630081177
1.0589839220046997
0.879668653011322
1.118861436843872
0.3181922137737274
0.9306305050849915
1.1698377132415771
1.1343845129013062
0.3898046314716339
1.1897270679473877
0.9263229966163635
0.8370349407196045
1.0801310539245605
0.7305022478103638
1.1640428304672241
0.7764043807983398
0.9990290403366089
1.128068208694458
0.6363663673400879
1.1951212882995605
0.6415889263153076
0.946168839931488
0.9245190024375916
1.001672625541687
1.106565237045288
0.9502720236778259
0.9157150983810425
0.7298530340194702
0.7500704526901245
0.5637847781181335
1.1520500183105469
1.093828558921814
1.1172162294387817
0.8365846872329712
0.9583353996276855
0.47897785902023315
0.5782023072242737
0.24698081612586975
0.8478045463562012
0.8997375965118408
0.6746302843093872
0.6098212599754333
1.1876499652862549
0.3572614789009094
1.052345633506775
0.9497596621513367
0.9098389744758606
0.6723135709762573
0.7406719923019409
0.2557827830314636
0.48136094212532043
1.1017082929611206
0.7764292359352112
1.0999884605407715
1.148176670074463
0.41385769844055176
0.9352419376373291
0.796248197555542
0.8730632066726685
0.5480374693870544
1.1716536283493042
1.0629576444625854
0.6655551791191101
0.8357285261154175
0.3386532962322235
1.0495123863220215
0.8691748976707458
0.6901324391365051
1.0011982917785645
0.8786797523498535
0.713139533996582
0.9932219982147217
0.5808247327804565
0.7241157293319702
0.6452446579933167
0.9606571197509766
0.6032962799072266
0.6677872538566589
0.8212900161743164
0.8550021648406982
0.4980769753456116
0.9872947335243225
0.5546866655349731
0.6656209826469421
0.9795374870300293
0.26408082246780396
0.2426818460226059
0.2654561400413513
0.7750893831253052
1.0223793983459473
0.9698696136474609
0.9334657192230225
0.7013906836509705
0.805618166923523
0.9009019136428833
0.6075565814971924
0.6489856243133545
1.1309939622879028
0.6299870014190674
0.9441401362419128
0.7985785603523254
0.9661931991577148
0.9461511969566345
0.7493094205856323
0.6968050599098206
0.7402969598770142
1.1156951189041138
1.049828052520752
0.8103187084197998
0.6875324249267578
0.9598897099494934
0.05637984350323677
1.1076654195785522
0.9110468626022339
0.7859956622123718
1.1586439609527588
0.8551419973373413
1.0423239469528198
0.4285198450088501
1.0197557210922241
1.016558289527893
0.8132856488227844
0.9889572858810425
0.8592202663421631
1.1876060962677002
0.8732120394706726
0.7747207283973694
0.9793410301208496
0.5852913856506348
1.0367919206619263
1.0539106130599976
1.1312496662139893
1.120317816734314
0.6769781708717346
0.6682137846946716
1.112840175628662
1.1089732646942139
0.6479648947715759
1.163788914680481
1.0774633884429932
1.039024829864502
0.39363378286361694
0.8938699960708618
0.6279080510139465
0.6391634941101074
0.8409811854362488
0.7555996179580688
0.7350674271583557
0.9301837086677551
1.0084898471832275
0.8591933250427246
1.1504261493682861
0.6205292344093323
1.1784144639968872
0.7538732886314392
1.0163817405700684
0.9984535574913025
0.5135676264762878
0.9162812829017639
1.0819631814956665
0.7126018404960632
0.42414936423301697
1.1665960550308228
0.7164665460586548
1.116896152496338
0.5292332172393799
0.8317224383354187
0.7931734919548035
1.1927392482757568
1.1719709634780884
1.1132111549377441
0.7622742652893066
0.7575070261955261
1.0447325706481934
0.7007735967636108
0.7834942936897278
0.9878242015838623
1.0976042747497559
1.0687850713729858
1.0303634405136108
0.8283489346504211
1.1780441999435425
0.7312121391296387
0.8676036596298218
1.1967428922653198
0.8827934861183167
1.0731534957885742
0.6973677277565002
1.0679399967193604
0.8320465087890625
0.40852832794189453
0.5482038855552673
0.7546027302742004
1.2011197805404663
0.39888936281204224
1.1790388822555542
1.0477399826049805
1.103937029838562
0.2909109592437744
1.1290675401687622
1.123085618019104
1.102675199508667
0.848625659942627
1.1935272216796875
0.9391322135925293
0.8751242160797119
1.010345697402954
1.1023668050765991
0.8892573714256287
1.1651628017425537
0.8610706329345703
0.7583305835723877
0.5966706871986389
1.1908913850784302
0.825626790523529
0.4064284861087799
0.4130568504333496
0.7908068299293518
1.1474815607070923
0.9158220887184143
0.8588581681251526
0.9083476662635803
0.7181867361068726
1.0334299802780151
1.009582281112671
0.9803503155708313
0.5664283037185669
0.9871857762336731
0.1931387484073639
1.1556050777435303
0.3873636722564697
0.9642196297645569
0.5198296308517456
1.0434880256652832
0.5953525304794312
0.7084847092628479
0.9849504232406616
1.197214961051941
0.8997232913970947
0.36696857213974
1.0938199758529663
1.0725246667861938
0.8609945774078369
0.7487149238586426
0.9194867014884949
0.584119975566864
0.40097999572753906
1.1878865957260132
0.4643726050853729
1.0441384315490723
1.1689563989639282
1.0966483354568481
1.1669553518295288
0.7495245337486267
1.0124486684799194
1.18779718875885
1.09993314743042
0.3229539096355438
0.41105884313583374
0.7444109916687012
0.3125990033149719
1.1702629327774048
0.60691899061203
1.1874403953552246
0.5407865643501282
1.0960571765899658
1.199660301208496
0.7111466526985168
0.5672280788421631
0.870401918888092
0.887877881526947
1.0036885738372803
0.9156631827354431
0.9562370777130127
0.8699103593826294
0.9375717043876648
0.8861915469169617
0.7604478597640991
0.39533647894859314
0.6305004358291626
0.7031994462013245
0.7228090167045593
1.0821377038955688
0.8165801167488098
0.5668086409568787
0.9392952919006348
0.5821292996406555
0.9866016507148743
0.5886716842651367
0.7197792530059814
0.30313268303871155
1.18752920627594
1.024587631225586
0.8980274200439453
0.5496484041213989
0.6277174949645996
1.1812129020690918
0.9126965403556824
0.8850439786911011
0.42586207389831543
1.0201505422592163
0.9380823969841003
0.3512977957725525
1.1748524904251099
1.0955754518508911
1.178202509880066
0.723720133304596
0.8952621817588806
0.15450401604175568
1.1389811038970947
0.8595673441886902
0.9355552196502686
1.0457565784454346
0.6036659479141235
1.2025309801101685
0.7219339609146118
0.9366200566291809
0.9278179407119751
0.56432044506073
1.1868823766708374
0.8732045292854309
1.1528868675231934
1.189325213432312
0.9710087776184082
1.1632623672485352
0.7807669043540955
1.0295406579971313
0.8665664792060852
0.6809102892875671
0.8410130739212036
0.7637940049171448
0.5365278124809265
1.0185844898223877
1.1303459405899048
0.9839878082275391
1.2020395994186401
0.8046537041664124
1.1005547046661377
0.9601549506187439
0.8944299817085266
0.6740605235099792
1.1271536350250244
0.8256143927574158
1.1174501180648804
0.7245004773139954
1.0607261657714844
1.0181809663772583
1.073396921157837
1.0570800304412842
0.9380519986152649
1.0203394889831543
0.7556180357933044
0.9088732600212097
0.7676208019256592
0.7267159223556519
0.9606068730354309
1.1927871704101562
0.47739747166633606
0.3070732057094574
1.057747483253479
1.0329866409301758
0.8541343212127686
0.8604580760002136
1.170161485671997
1.073559284210205
0.6235649585723877
1.0866345167160034
1.0125563144683838
0.2427901327610016
0.6109601855278015
0.8929753303527832
1.0414996147155762
1.1650681495666504
0.5016182065010071
1.0148812532424927
1.1647453308105469
0.7575469017028809
0.46601298451423645
1.080358624458313
1.1583211421966553
0.3576820492744446
0.8327475190162659
0.7393727898597717
0.7946588397026062
0.7821584939956665
1.1867990493774414
1.1245663166046143
1.1912692785263062
0.7016024589538574
1.1134843826293945
0.6039659976959229
0.5072222352027893
0.9089990258216858
1.0878323316574097
1.15799081325531
0.962458074092865
0.08881179243326187
0.302115797996521
0.9059295654296875
1.1999884843826294
1.0257314443588257
1.1009503602981567
0.9686493277549744
0.9997804760932922
1.000998616218567
0.9022079706192017
1.2024626731872559
0.9386029839515686
1.1989493370056152
0.7084508538246155
0.7933270335197449
0.4444558024406433
0.5663294792175293
0.49486348032951355
0.7699379324913025
0.6934027671813965
0.5960763096809387
1.1316922903060913
0.645185112953186
1.146834135055542
0.9706356525421143
0.7341763377189636
0.36773091554641724
0.8622369766235352
1.2007241249084473
0.5052589178085327
1.0392411947250366
1.1467199325561523
0.35755443572998047
0.6963448524475098
0.6548115611076355
1.1925065517425537
1.1774765253067017
1.1776492595672607
1.1188302040100098
1.0350308418273926
1.1123048067092896
0.731022298336029
0.2933753430843353
0.6939056515693665
0.553676426410675
0.9387660026550293
0.8940545320510864
0.9133980870246887
0.6290391683578491
0.708979070186615
0.529597818851471
1.0727107524871826
0.5762085318565369
1.100000023841858
0.8655698299407959
1.0367282629013062
0.5026878714561462
1.0794087648391724
0.45104336738586426
0.8357023596763611
1.1947561502456665
0.9544566869735718
0.6255026459693909
1.1470829248428345
0.7626236081123352
0.5741158127784729
1.0485576391220093
1.1423771381378174
0.9373708367347717
0.6742048859596252
0.5320372581481934
1.121977686882019
0.9348277449607849
1.1316092014312744
0.8064874410629272
0.7522605657577515
0.7786263823509216
0.795892059803009
1.1731754541397095
0.9758136868476868
0.846223771572113
0.9823393821716309
1.050912857055664
1.1670986413955688
1.1482534408569336
0.8883950710296631
0.5808220505714417
0.81810063123703
1.029290795326233
0.7731260657310486
0.9646831750869751
1.0131527185440063
0.7960694432258606
1.0459693670272827
0.9844671487808228
1.1955567598342896
0.9659159779548645
1.1988359689712524
0.605420708656311
1.0133098363876343
0.3979281783103943
0.9502543210983276
0.36426374316215515
0.9277843832969666
0.8548608422279358
1.043632984161377
1.2006785869598389
0.630403459072113
1.163612961769104
1.0470776557922363
0.873086154460907
1.0927804708480835
1.1571253538131714
0.8604574203491211
0.9604086875915527
0.7846075892448425
1.0343456268310547
0.6345747709274292
1.130421757698059
0.7433207631111145
0.42708373069763184
0.44847896695137024
0.4182446002960205
0.8428521156311035
0.8223097920417786
0.8230966925621033
0.5153151750564575
0.42483752965927124
0.33290162682533264
1.1810883283615112
0.8531812429428101
1.0975605249404907
0.9802026152610779
1.0545909404754639
0.8147070407867432
1.067484974861145
1.1880391836166382
0.6796647310256958
1.1744842529296875
0.715536892414093
1.0724996328353882
1.0991506576538086
0.9229729771614075
0.7915140390396118
1.081588864326477
0.9701958894729614
0.5493203997612
0.759375274181366
1.060094952583313
0.9181767702102661
0.7055422067642212
1.000420331954956
0.7774260640144348
0.9368365406990051
0.7268855571746826
0.428233802318573
0.5284488201141357
1.121608853340149
0.9889720678329468
0.520419716835022
0.5265875458717346
0.503444492816925
0.9959516525268555
0.4910200834274292
1.072262167930603
1.1022051572799683
0.9512728452682495
0.7043267488479614
0.869323194026947
1.1331276893615723
1.1968464851379395
1.0043883323669434
1.109525203704834
0.8719627857208252
0.8841930627822876
0.7540510296821594
1.0754581689834595
0.6107049584388733
0.626735508441925
1.0112977027893066
1.0405818223953247
0.9456521272659302
1.2001210451126099
1.17238450050354
0.6120786666870117
0.3269535005092621
0.9645481109619141
0.5982897281646729
0.8192690014839172
0.9030521512031555
0.6335875988006592
1.0804272890090942
1.0828344821929932
1.1442298889160156
0.755321741104126
0.8391522169113159
1.0732276439666748
0.8196158409118652
1.1302030086517334
0.7994132041931152
0.9931900501251221
1.1294989585876465
0.5051397681236267
0.18338511884212494
1.143483281135559
0.8177577257156372
1.1417328119277954
1.1250574588775635
0.6050415635108948
0.7556789517402649
1.1651113033294678
1.1779446601867676
1.1202164888381958
0.5565392971038818
0.7113718390464783
0.902141273021698
0.7608715295791626
0.6668002605438232
1.1807167530059814
0.6100081205368042
0.8799963593482971
0.8658387660980225
0.9721974730491638
0.7875820398330688
0.9671102166175842
1.1845232248306274
1.0050002336502075
0.6702495813369751
0.9309214353561401
0.7252054214477539
0.6496658325195312
1.1483116149902344
1.1144901514053345
1.0902730226516724
0.8961459994316101
1.1517726182937622
1.1734018325805664
1.075010061264038
1.1911640167236328
0.7336792945861816
0.36654582619667053
1.1319303512573242
0.8561408519744873
0.5451258420944214
0.7359399795532227
1.0974373817443848
0.9566054940223694
0.7228586673736572
0.9493995308876038
0.11282110959291458
0.49645811319351196
0.5462281703948975
0.7665942907333374
0.9816110134124756
0.627303957939148
0.458935022354126
0.9822689890861511
0.8482771515846252
1.0565131902694702
1.13764226436615
1.0794178247451782
0.8400797247886658
0.8446201682090759
0.6301305890083313
1.1377840042114258
0.8631235361099243
1.098274827003479
0.8158573508262634
1.0996856689453125
0.9338304400444031
0.44900330901145935
0.867695152759552
0.8184933662414551
0.8914020657539368
1.1250886917114258
0.9699755907058716
1.0938680171966553
0.998302698135376
1.0133074522018433
0.9840085506439209
0.7188337445259094
1.1266944408416748
1.0132439136505127
1.1947649717330933
0.8376498818397522
0.4070367217063904
1.1982773542404175
0.7718685269355774
1.1911548376083374
0.7906200885772705
1.186143398284912
1.0127848386764526
1.0339514017105103
0.4038941562175751
0.8683174848556519
0.9790528416633606
0.8405706286430359
0.2913457155227661
0.41812071204185486
0.9957062602043152
1.1376593112945557
0.8419476747512817
0.8824560046195984
1.202618956565857
0.46945738792419434
0.8802750110626221
0.9201678037643433
0.8870172500610352
0.592543363571167
0.6713873147964478
0.8251283168792725
0.8873274922370911
0.970641553401947
1.1193057298660278
0.9233380556106567
0.875528872013092
1.1493537425994873
0.1841747909784317
0.7475805878639221
1.023862361907959
1.1950328350067139
0.09152340143918991
0.6342576146125793
0.8987895846366882
0.7085646986961365
1.0491613149642944
0.5896106958389282
0.9076796174049377
0.7821753025054932
0.8417731523513794
0.9675132036209106
0.5805356502532959
0.7498944401741028
1.1267845630645752
1.0106538534164429
1.0745651721954346
1.1549121141433716
1.1169871091842651
0.8764537572860718
1.0313814878463745
0.27680933475494385
1.0001208782196045
0.4106843173503876
1.1315871477127075
1.0774949789047241
0.8879978656768799
0.31008651852607727
0.5963155031204224
1.0150710344314575
1.1974610090255737
1.0915290117263794
0.7627098560333252
1.0485472679138184
1.0643720626831055
0.7362974882125854
1.1233714818954468
1.0676087141036987
0.7460761070251465
0.3759719729423523
0.8777281641960144
1.070904016494751
1.1616010665893555
0.9431036114692688
0.8537453413009644
0.7065728902816772
0.5690392851829529
0.684298038482666
1.1974917650222778
1.0530846118927002
1.1963800191879272
0.9451135396957397
1.0558686256408691
0.24128638207912445
0.9084027409553528
1.1452198028564453
0.9281670451164246
0.4125962257385254
0.4731718897819519
0.707127034664154
0.9934316873550415
1.1815013885498047
1.1484694480895996
0.8952380418777466
0.8657171130180359
0.7606486678123474
0.9861230254173279
0.6937985420227051
0.6663391590118408
0.8074649572372437
1.1026188135147095
1.0800172090530396
0.694581151008606
0.966533362865448
1.1246408224105835
0.8464627861976624
1.1158086061477661
0.6815556287765503
0.904924213886261
0.9419220089912415
1.0595799684524536
0.5535500645637512
0.9490923285484314
1.1250401735305786
1.0648322105407715
0.8879793286323547
0.652305006980896
0.9828574061393738
0.9868248105049133
1.153006911277771
0.7569966316223145
1.0465116500854492
0.8303739428520203
1.1157599687576294
0.6239733695983887
1.091863989830017
0.6272515654563904
0.7641556859016418
1.1108152866363525
1.1092854738235474
0.6775370240211487
0.9662400484085083
0.7715941071510315
0.7205792665481567
1.0337945222854614
1.0952411890029907
0.9400753378868103
0.2218611240386963
0.833803117275238
0.8105063438415527
0.9164834022521973
0.96608567237854
1.1658860445022583
0.6701563000679016
0.9424899220466614
0.554133951663971
1.1346923112869263
1.1655635833740234
0.24666045606136322
0.6259040236473083
1.1749941110610962
1.1163032054901123
1.032440185546875
0.8860154747962952
0.8789363503456116
0.5644472241401672
0.5548340082168579
0.4710842967033386
0.5279282927513123
0.162038192152977
0.9708267450332642
1.008034348487854
0.8190043568611145
1.0034229755401611
1.0025783777236938
0.9664269089698792
1.0527998208999634
0.6430649161338806
1.1622891426086426
1.1541774272918701
1.1402335166931152
0.9392828345298767
0.765819787979126
0.7518748641014099
0.4009190499782562
1.1900871992111206
0.7800237536430359
1.1093727350234985
0.9181797504425049
0.7379202842712402
1.1845743656158447
1.0165379047393799
0.9049943685531616
0.7337300777435303
0.6667916774749756
0.5933693647384644
1.1119786500930786
0.8819567561149597
1.154984712600708
0.8617454171180725
1.1503112316131592
0.7193643450737
0.9991968274116516
1.0935275554656982
0.5995074510574341
0.8738638758659363
1.1629281044006348
1.179526925086975
0.6390092968940735
0.8315868377685547
0.7437793016433716
0.8861918449401855
0.2963981628417969
1.0864489078521729
0.1641956865787506
1.027359962463379
0.8910779356956482
0.8228160738945007
0.841583251953125
0.9713526964187622
