# VERSION_SNANA      = v10_59g 
# VERSION_PHOTOMETRY = model41 
# SNANA_VERSION : v10_59g 
# TABLE NAME: FITRES 
# 
NVAR: 34 
VARNAMES:  CID IDSURVEY TYPE FIELD CUTFLAG_SNANA zHEL zHELERR zCMB zCMBERR zHD zHDERR VPEC VPECERR HOST_LOGMASS HOST_LOGMASS_ERR SNRMAX1 SNRMAX2 SNRMAX3 PKMJD PKMJDERR x1 x1ERR c cERR mB mBERR x0 x0ERR COV_x1_c COV_x1_x0 COV_c_x0 NDOF FITCHI2 FITPROB 

SN: 101504 132 41 NULL 1 0.56885 0.00010 0.56885 0.00010 0.56885 0.00010 0 0 -9 -9 13.4665 12.4780 8.7980 60589.965 0.496 -4.60235e+00 0.5105 0.7657 7.27272e-02 24.7433 7.70546e-02 2.27344e-06 1.61346e-07 4.23322e-03 -3.45456e-08 -9.19021e-09 50 62.1727 0.1358
SN: 101798 132 41 NULL 1 0.59952 0.00010 0.59952 0.00010 0.59952 0.00010 0 0 -9 -9 6.5105 5.1693 3.6814 60370.387 0.802 -5 1.4397 0.9699 0.1050 25.5877 0.1109 1.04453e-06 1.06649e-07 9.40148e-09 -4.06939e-14 -8.52361e-09 56 49.9759 0.7336
SN: 102622 132 41 NULL 1 0.46513 0.00010 0.46513 0.00010 0.46513 0.00010 0 0 -9 -9 16.1246 14.9781 12.8786 60280.523 0.811 -2.78220e+00 1.0816 1 4.77634e-02 24.8576 3.27467e-02 2.04628e-06 6.17173e-08 -7.08574e-08 -2.34550e-08 2.14510e-14 21 45.9852 1.98619e-03
SN: 10533 132 41 NULL 1 0.41447 0.00010 0.41447 0.00010 0.41447 0.00010 0 0 -9 -9 15.0730 14.2711 12.4776 59640.195 1.219 -2.87848e+00 0.3652 0.8150 6.16282e-02 24.0441 0.1072 4.32865e-06 4.27305e-07 3.71717e-03 -4.78826e-08 -2.13305e-08 46 39.9489 0.7572
SN: 105806 132 41 NULL 1 0.54973 0.00010 0.54973 0.00010 0.54973 0.00010 0 0 -9 -9 11.4605 9.2877 5.4398 60217.988 0.204 -3.90682e+00 0.8511 0.9029 8.78932e-02 25.0490 9.61119e-02 1.71553e-06 1.51863e-07 2.14389e-02 -6.38213e-08 -1.11541e-08 61 51.5007 0.8267
SN: 108466 132 41 NULL 1 0.64413 0.00010 0.64413 0.00010 0.64413 0.00010 0 0 -9 -9 6.4598 6.2961 2.2193 60413.969 1.251 -5 1.0604 1.0000 0.3186 25.8744 0.1006 8.02100e-07 7.42868e-08 -1.24417e-13 -5.42782e-14 3.92506e-13 26 24.8244 0.5843
SN: 109238 132 41 NULL 1 0.55039 0.00010 0.55039 0.00010 0.55039 0.00010 0 0 -9 -9 15.5366 12.7249 9.5853 60277.875 0.630 -5.00000e+00 0.5935 0.8373 6.05648e-02 24.7085 6.12792e-02 2.34750e-06 1.32493e-07 5.93717e-08 -1.79143e-13 -6.56611e-09 21 36.4526 2.71411e-02
SN: 109292 132 41 NULL 1 0.52959 0.00010 0.52959 0.00010 0.52959 0.00010 0 0 -9 -9 8.8940 6.4757 4.3705 60557.172 0.171 -2.22328e+00 4.98197e-02 0.9726 0.1099 25.4096 0.1181 1.23068e-06 1.33814e-07 4.79910e-05 -3.06478e-10 -1.26980e-08 70 77.0992 0.2900
SN: 112132 132 41 NULL 1 0.79395 0.00010 0.79395 0.00010 0.79395 0.00010 0 0 -9 -9 8.1898 6.3499 4.7989 59861.613 1.117 -2.32366e+00 0.7384 0.5640 0.1234 25.2873 7.94102e-02 1.37746e-06 1.00747e-07 2.11851e-02 -4.15710e-08 -5.40060e-09 76 75.9173 0.4811
SN: 114683 132 41 NULL 1 0.38538 0.00010 0.38538 0.00010 0.38538 0.00010 0 0 -9 -9 16.7257 15.9159 15.2786 60244.379 0.530 -2.31084e+00 0.2992 0.5397 4.37685e-02 23.7475 5.67224e-02 5.68852e-06 2.97187e-07 5.66952e-04 -2.86652e-08 -9.53050e-09 40 32.3239 0.8008
SN: 117107 132 41 NULL 1 0.58069 0.00010 0.58069 0.00010 0.58069 0.00010 0 0 -9 -9 10.6659 9.7282 4.8429 60180.383 0.673 -2.88088e+00 0.5922 0.9347 8.85502e-02 25.2170 9.05834e-02 1.46961e-06 1.22610e-07 2.30313e-03 -2.80442e-08 -8.36571e-09 66 89.4936 3.46457e-02
SN: 117275 132 41 NULL 1 0.68855 0.00010 0.68855 0.00010 0.68855 0.00010 0 0 -9 -9 6.7988 6.7417 5.2730 59910.758 0.611 -3.89595e+00 0.6120 0.4274 0.1067 24.9141 8.71072e-02 1.94249e-06 1.55844e-07 9.14698e-03 -5.67575e-08 -8.29700e-09 41 52.6746 0.1046
SN: 117474 132 41 NULL 1 0.63389 0.00010 0.63389 0.00010 0.63389 0.00010 0 0 -9 -9 10.5383 6.8945 6.3443 59779.691 0.840 -3.05301e+00 0.7155 0.6357 9.64448e-02 24.9876 8.38250e-02 1.81537e-06 1.40157e-07 -4.70258e-03 -4.70959e-08 -7.02952e-09 66 64.2445 0.5728
SN: 117681 132 41 NULL 1 0.20682 0.00010 0.20682 0.00010 0.20682 0.00010 0 0 -9 -9 19.3039 19.0974 12.7487 59663.859 0.416 -3.44098e+00 0.5308 1 1.26106e-02 23.2361 3.11974e-02 9.11067e-06 2.61785e-07 -1.72873e-09 -2.72019e-08 1.09184e-14 27 57.3750 8.71624e-04
SN: 118626 132 41 NULL 1 0.63201 0.00010 0.63201 0.00010 0.63201 0.00010 0 0 -9 -9 12.1809 10.4199 6.9956 60048.574 1.252 -2.61914e+00 0.6984 0.8607 9.01511e-02 25.0603 7.47079e-02 1.69773e-06 1.16818e-07 2.40187e-03 -1.60460e-08 -7.57306e-09 21 23.9261 0.3511
SN: 118885 132 41 NULL 1 0.55836 0.00010 0.55836 0.00010 0.55836 0.00010 0 0 -9 -9 14.0112 13.5881 8.0189 60143.207 0.148 -3.25574e+00 2.27139e-03 0.6435 0.3488 24.4320 3.64746e-02 3.02836e-06 1.01736e-07 -8.12880e-04 2.05753e-10 -3.24920e-08 46 48.8894 0.3971
SN: 121384 132 41 NULL 1 0.62439 0.00010 0.62439 0.00010 0.62439 0.00010 0 0 -9 -9 8.7874 6.8471 2.9811 59842.828 1.413 -3.59991e+00 0.7630 1 4.35044e-02 25.5879 8.56618e-02 1.04432e-06 8.23943e-08 2.10609e-09 -2.74072e-08 1.60260e-15 61 80.3352 5.86639e-02
SN: 121542 132 41 NULL 1 0.71740 0.00010 0.71740 0.00010 0.71740 0.00010 0 0 -9 -9 8.7629 8.5312 7.8501 60613.117 0.613 -3.24926e+00 0.6728 0.5046 9.00116e-02 25.3863 5.92002e-02 1.25743e-06 6.85619e-08 1.91990e-03 -1.74207e-08 -2.22933e-09 76 89.0774 0.1449
SN: 122812 132 41 NULL 1 0.50519 0.00010 0.50519 0.00010 0.50519 0.00010 0 0 -9 -9 12.5692 10.0796 6.6628 60223.984 0.526 -4.61810e+00 0.3367 1 3.50696e-02 25.2292 4.28776e-02 1.45316e-06 5.73878e-08 -7.59299e-10 -3.07478e-09 3.81998e-15 36 71.6560 5.44140e-04
SN: 125932 132 41 NULL 1 0.46357 0.00010 0.46357 0.00010 0.46357 0.00010 0 0 -9 -9 15.0872 14.9593 12.2966 60599.965 0.502 -2.97512e+00 0.6444 1 2.65354e-02 24.8409 3.09310e-02 2.07789e-06 5.91961e-08 -2.68536e-08 -1.60735e-08 1.65898e-14 35 76.7268 9.01365e-05
SN: 12757 132 41 NULL 1 0.67336 0.00010 0.67336 0.00010 0.67336 0.00010 0 0 -9 -9 6.6443 5.2131 4.8409 60578.172 1.241 -1.99106e+00 0.9235 0.7381 0.1185 25.3134 0.1004 1.34470e-06 1.24308e-07 8.85616e-03 -6.00057e-08 -8.84187e-09 50 53.3266 0.3848
SN: 12894 132 41 NULL 1 0.60823 0.00010 0.60823 0.00010 0.60823 0.00010 0 0 -9 -9 6.3928 4.8365 3.7181 60001.605 0.706 -3.27319e+00 1.0192 0.8776 0.1581 25.6251 0.1410 1.00916e-06 1.31098e-07 -2.86027e-02 -4.74279e-08 -1.35696e-08 46 67.1945 2.81241e-02
SN: 131376 132 41 NULL 1 0.40997 0.00010 0.40997 0.00010 0.40997 0.00010 0 0 -9 -9 17.3446 16.9924 15.8475 60635.301 0.468 -3.92277e+00 0.5457 0.7859 4.47938e-02 24.1797 4.98905e-02 3.82062e-06 1.75561e-07 8.61279e-03 -3.62796e-08 -6.46922e-09 25 45.1550 1.13185e-02
SN: 134983 132 41 NULL 1 0.61000 0.00010 0.61000 0.00010 0.61000 0.00010 0 0 -9 -9 11.9662 10.0049 7.2804 59879.535 0.612 -3.86177e+00 0.6705 0.9687 8.55390e-02 25.2871 8.15550e-02 1.37768e-06 1.03484e-07 4.93098e-03 -2.77942e-08 -6.74467e-09 66 62.2276 0.6423
SN: 139755 132 41 NULL 1 0.62456 0.00010 0.62456 0.00010 0.62456 0.00010 0 0 -9 -9 9.6564 8.8123 6.6032 60239.348 0.842 -4.04050e+00 0.6363 0.9246 9.63531e-02 25.2437 7.92015e-02 1.43393e-06 1.04601e-07 -4.95352e-03 -7.22083e-09 -6.76169e-09 56 49.3914 0.7530
SN: 140391 132 41 NULL 1 0.50348 0.00010 0.50348 0.00010 0.50348 0.00010 0 0 -9 -9 10.1936 6.1627 4.6705 60188.043 1.368 -2.64263e+00 0.7294 1.0000 3.13794e-02 25.4399 7.90851e-02 1.19683e-06 8.71770e-08 -7.46271e-09 -3.08015e-08 2.32099e-14 49 59.3146 0.1723
SN: 142462 132 41 NULL 1 0.40264 0.00010 0.40264 0.00010 0.40264 0.00010 0 0 -9 -9 14.7080 13.3600 8.2623 60259.215 0.314 -4.62870e-01 0.3798 0.9998 1.8700 24.6856 5.40702e-02 2.39755e-06 1.19399e-07 9.99504e-04 -2.11722e-08 -2.74571e-09 46 76.4121 4.28078e-03
SN: 1428 132 41 NULL 1 0.23290 0.00010 0.23290 0.00010 0.23290 0.00010 0 0 -9 -9 19.6967 19.6867 18.4775 59819.410 0.241 -2.65759e+00 0.3044 0.5830 4.15583e-02 22.4849 4.94612e-02 1.81994e-05 8.29083e-07 1.84089e-03 -1.13879e-07 -2.50804e-08 46 102.0572 3.93176e-06
SN: 143782 132 41 NULL 1 0.83557 0.00010 0.83557 0.00010 0.83557 0.00010 0 0 -9 -9 5.0667 4.2110 2.5144 60627.508 0.773 -3.38093e+00 0.9704 0.8864 0.2105 25.6085 0.1049 1.02472e-06 9.90118e-08 1.94749e-02 -4.00632e-08 -8.06770e-09 31 31.6478 0.4843
SN: 150193 132 41 NULL 1 0.74294 0.00010 0.74294 0.00010 0.74294 0.00010 0 0 -9 -9 6.3696 5.7780 4.5524 59858.457 0.930 -3.71487e+00 0.6636 0.4030 0.1192 25.1237 8.26113e-02 1.60141e-06 1.21848e-07 5.50218e-03 -3.93061e-08 -4.60598e-09 60 61.8724 0.4091
SN: 15384 132 41 NULL 1 0.45731 0.00010 0.45731 0.00010 0.45731 0.00010 0 0 -9 -9 16.3919 16.3571 16.0590 60603.387 0.402 -3.36713e+00 0.5080 0.7900 1.67402e-02 24.3285 3.11161e-02 3.33106e-06 9.54647e-08 7.16051e-04 -1.54709e-08 -8.13760e-10 30 70.7957 6.00760e-05
SN: 156101 132 41 NULL 1 0.70793 0.00010 0.70793 0.00010 0.70793 0.00010 0 0 -9 -9 7.0799 6.2555 4.2602 60640.043 0.639 -3.59283e+00 0.3062 0.6531 0.1238 25.4001 8.15835e-02 1.24149e-06 9.32871e-08 6.94133e-03 -8.40307e-09 -6.85881e-09 51 75.1594 1.94915e-02
SN: 157044 132 41 NULL 1 0.38717 0.00010 0.38717 0.00010 0.38717 0.00010 0 0 -9 -9 14.0286 13.8252 9.2125 60504.449 0.723 -3.89527e+00 0.4874 0.9360 9.21705e-02 24.7121 0.1185 2.33963e-06 2.55445e-07 7.16537e-04 -2.59554e-08 -2.07417e-08 32 39.9328 0.1892
SN: 157316 132 41 NULL 1 0.53004 0.00010 0.53004 0.00010 0.53004 0.00010 0 0 -9 -9 11.2908 10.4806 7.2295 60571.125 1.024 -2.51797e+00 0.6407 0.7769 6.59249e-02 24.7957 7.30947e-02 2.16622e-06 1.45836e-07 6.14541e-03 -2.76007e-08 -7.75830e-09 55 62.1934 0.2652
SN: 158083 132 41 NULL 1 0.38883 0.00010 0.38883 0.00010 0.38883 0.00010 0 0 -9 -9 17.0955 16.3177 13.4088 59818.594 0.105 -2.92475e+00 0.3657 0.9812 6.92346e-02 24.3963 8.93448e-02 3.12955e-06 2.57529e-07 -2.28853e-04 -1.87925e-08 -1.56784e-08 51 41.6589 0.8470
SN: 160799 132 41 NULL 1 0.31947 0.00010 0.31947 0.00010 0.31947 0.00010 0 0 -9 -9 19.3949 19.3417 19.2881 60612.703 0.047 -2.40457e+00 0.2554 0.8005 3.41398e-02 23.6645 4.40064e-02 6.14071e-06 2.48892e-07 2.26574e-03 -2.48763e-08 -7.12908e-09 56 127.7579 2.41401e-07
SN: 161033 132 41 NULL 1 0.46722 0.00010 0.46722 0.00010 0.46722 0.00010 0 0 -9 -9 8.9187 8.7020 5.8119 60558.383 0.572 -2.49413e+00 0.5351 0.9234 9.06737e-02 25.1222 0.1174 1.60369e-06 1.73476e-07 5.48527e-03 -4.32459e-08 -1.28944e-08 65 56.1755 0.8003
SN: 166637 132 41 NULL 1 0.69204 0.00010 0.69204 0.00010 0.69204 0.00010 0 0 -9 -9 9.7493 7.5111 5.3232 60025.887 0.954 -3.72007e+00 0.9732 0.5178 0.1246 25.2044 9.33845e-02 1.48669e-06 1.27871e-07 4.58752e-03 -6.60561e-08 -6.83757e-09 36 56.4868 1.61088e-02
SN: 166908 132 41 NULL 1 0.57873 0.00010 0.57873 0.00010 0.57873 0.00010 0 0 -9 -9 10.7120 9.8973 6.7310 59846.078 0.589 -3.15053e+00 0.5805 0.9532 7.08579e-02 25.1714 7.52940e-02 1.53260e-06 1.06283e-07 4.20791e-03 -2.66073e-08 -5.77682e-09 61 66.6727 0.3195
SN: 170868 132 41 NULL 1 0.42463 0.00010 0.42463 0.00010 0.42463 0.00010 0 0 -9 -9 11.6710 11.6408 9.8404 60553.320 0.652 -2.53261e+00 0.4293 0.8995 7.41352e-02 25.0864 9.26398e-02 1.65747e-06 1.41422e-07 2.04683e-03 -1.70890e-08 -8.64399e-09 75 54.0656 0.9733
SN: 171754 132 41 NULL 1 0.15915 0.00010 0.15915 0.00010 0.15915 0.00010 0 0 -9 -9 19.8560 19.8109 19.0586 59859.852 0.285 -2.15806e+00 0.3385 0.7144 3.76097e-02 21.6891 4.63918e-02 3.78759e-05 1.61838e-06 1.50468e-03 -2.07111e-07 -4.84855e-08 47 152.7377 7.59141e-13
SN: 17227 132 41 NULL 1 0.55525 0.00010 0.55525 0.00010 0.55525 0.00010 0 0 -9 -9 8.1951 7.9722 4.1313 60016.512 0.872 -3.61486e+00 0.8483 1.0000 0.1065 25.5096 6.42538e-02 1.12242e-06 6.64245e-08 -1.21521e-07 -2.39845e-08 1.94413e-13 36 47.9212 0.1078
SN: 173176 132 41 NULL 1 0.70966 0.00010 0.70966 0.00010 0.70966 0.00010 0 0 -9 -9 6.5781 6.2236 4.5982 60299.762 3.475 -7.90296e-01 1.9624 0.9727 0.1890 25.6044 0.1098 1.02858e-06 1.03987e-07 3.17875e-02 2.77619e-08 -7.58317e-09 26 32.7366 0.2059
SN: 178196 132 41 NULL 1 0.27019 0.00010 0.27019 0.00010 0.27019 0.00010 0 0 -9 -9 18.9198 18.5763 17.9112 59663.047 0.219 -3.55933e+00 0.3470 0.8101 3.96267e-02 23.1919 4.85974e-02 9.48951e-06 4.24749e-07 2.09704e-03 -2.43627e-08 -1.38367e-08 37 64.6001 4.52939e-03
SN: 178459 132 41 NULL 1 0.58828 0.00010 0.58828 0.00010 0.58828 0.00010 0 0 -9 -9 16.0969 15.8633 15.4661 60609.109 0.570 -4.77427e+00 0.5418 0.3824 4.79810e-02 24.1075 4.11467e-02 4.08301e-06 1.54736e-07 1.00276e-03 -2.34556e-08 -4.14713e-09 30 41.4603 7.95373e-02
SN: 178515 132 41 NULL 1 0.43390 0.00010 0.43390 0.00010 0.43390 0.00010 0 0 -9 -9 10.5668 9.4263 9.1193 60135.602 0.806 -9.22075e-01 0.9227 0.7842 0.1040 24.8497 0.1700 2.06121e-06 3.22798e-07 5.04060e-02 -2.46256e-07 -2.82254e-08 36 43.4941 0.2144
SN: 179211 132 41 NULL 1 0.38059 0.00010 0.38059 0.00010 0.38059 0.00010 0 0 -9 -9 18.5027 18.3048 15.2699 60662.559 0.617 -3.46091e+00 0.9672 1 2.30906e-02 24.5398 2.78846e-02 2.74217e-06 7.04264e-08 -3.73318e-08 -1.53933e-08 6.06521e-15 16 36.5079 3.92131e-03
SN: 181828 132 41 NULL 1 0.50111 0.00010 0.50111 0.00010 0.50111 0.00010 0 0 -9 -9 9.3654 7.3380 6.5517 60180.730 0.712 -1.36816e+00 0.6856 0.9126 9.83003e-02 25.1899 0.1304 1.50678e-06 1.80968e-07 1.85738e-02 -7.49799e-08 -1.45074e-08 54 68.9746 9.74535e-02
SN: 18191 132 41 NULL 1 0.63997 0.00010 0.63997 0.00010 0.63997 0.00010 0 0 -9 -9 7.8266 7.1057 6.3198 60553.645 0.859 -3.02328e+00 0.6105 0.6296 0.1106 24.9804 9.42055e-02 1.82751e-06 1.58567e-07 1.01254e-05 -3.83840e-08 -1.04251e-08 75 62.2617 0.8532
SN: 183195 132 41 NULL 1 0.33649 0.00010 0.33649 0.00010 0.33649 0.00010 0 0 -9 -9 16.5160 15.5642 15.2833 59806.719 0.160 -1.64413e+00 0.4100 0.6186 5.38240e-02 23.6596 7.68854e-02 6.16844e-06 4.36812e-07 8.81839e-03 -1.08531e-07 -1.99267e-08 32 31.9840 0.4675
SN: 185207 132 41 NULL 1 0.32849 0.00010 0.32849 0.00010 0.32849 0.00010 0 0 -9 -9 18.5573 17.8945 17.7496 60623.844 0.154 -3.05074e+00 0.2266 0.7937 3.54144e-02 23.4927 4.31104e-02 7.19333e-06 2.85619e-07 1.50856e-03 -1.78887e-08 -8.45800e-09 52 97.2834 2.00897e-04
SN: 186707 132 41 NULL 1 0.78992 0.00010 0.78992 0.00010 0.78992 0.00010 0 0 -9 -9 7.6218 7.5203 4.2143 59870.871 1.253 -3.24076e+00 0.9285 0.5176 0.1245 25.5180 7.13874e-02 1.11378e-06 7.32309e-08 -3.64366e-03 -2.42034e-08 -9.61246e-10 32 38.8931 0.1871
SN: 187666 132 41 NULL 1 0.63504 0.00010 0.63504 0.00010 0.63504 0.00010 0 0 -9 -9 8.2271 6.9156 4.3892 59845.680 0.745 -4.80480e+00 1.2876 0.9476 0.1165 25.3617 0.1144 1.28621e-06 1.35571e-07 1.20390e-02 -6.64248e-08 -1.22119e-08 51 45.4360 0.7280
SN: 188553 132 41 NULL 1 0.58907 0.00010 0.58907 0.00010 0.58907 0.00010 0 0 -9 -9 12.8534 11.4139 8.1986 60433.375 0.186 -1.66483e+00 0.7502 1 3.26019e-02 25.1176 4.35483e-02 1.61055e-06 6.45984e-08 8.29040e-11 -1.15159e-08 1.57182e-15 16 25.9945 7.45604e-02
SN: 188573 132 41 NULL 1 0.70064 0.00010 0.70064 0.00010 0.70064 0.00010 0 0 -9 -9 6.1274 3.7152 2.3824 59923.945 0.129 -3.12689e+00 1.52697e-02 1.0000 8.93402e-02 26.1065 9.68606e-02 6.47753e-07 5.77873e-08 3.03851e-09 -9.65663e-12 9.60054e-15 31 29.5428 0.5915
SN: 194593 132 41 NULL 1 0.31922 0.00010 0.31922 0.00010 0.31922 0.00010 0 0 -9 -9 18.0867 17.5320 15.0795 60010.000 0.396 -2.60599e+00 0.3915 1 1.15131e-02 24.2491 3.36349e-02 3.58390e-06 1.11025e-07 -4.81707e-09 -1.62553e-08 7.41801e-15 28 59.5135 7.09736e-04
SN: 196155 132 41 NULL 1 0.46303 0.00010 0.46303 0.00010 0.46303 0.00010 0 0 -9 -9 8.4399 8.0858 7.6271 60559.086 0.300 -1.48847e+00 0.5091 1.0000 0.1072 25.1121 6.78530e-02 1.61865e-06 1.01158e-07 -1.50731e-08 -3.88155e-08 1.59161e-13 65 58.8956 0.7202
SN: 197230 132 41 NULL 1 0.81228 0.00010 0.81228 0.00010 0.81228 0.00010 0 0 -9 -9 6.2778 4.7049 2.6464 60631.539 2.130 -2.98781e+00 1.5042 0.5371 0.2448 25.8543 0.1250 8.17144e-07 9.41081e-08 0.1352 -7.10628e-08 -6.00883e-09 31 58.1369 2.22344e-03
SN: 20223 132 41 NULL 1 0.55173 0.00010 0.55173 0.00010 0.55173 0.00010 0 0 -9 -9 10.1902 9.0475 7.8985 60532.465 1.877 -3.27582e+00 0.9768 0.9053 8.11163e-02 25.1240 8.76199e-02 1.60107e-06 1.29207e-07 -3.76763e-03 2.57867e-09 -8.34183e-09 66 80.9956 0.1169
SN: 202766 132 41 NULL 1 0.19268 0.00010 0.19268 0.00010 0.19268 0.00010 0 0 -9 -9 19.8671 19.8591 19.4834 60279.543 0.313 -3.35758e+00 0.3933 0.7104 3.87799e-02 21.8878 4.55481e-02 3.15405e-05 1.32317e-06 2.06984e-03 -1.40539e-07 -4.17570e-08 30 74.6164 1.84802e-05
SN: 205090 132 41 NULL 1 0.58987 0.00010 0.58987 0.00010 0.58987 0.00010 0 0 -9 -9 11.0325 9.9560 8.2887 60182.633 0.537 -3.93844e+00 0.4169 0.5366 7.27317e-02 24.3965 6.50915e-02 3.12894e-06 1.87585e-07 -1.38386e-03 -2.30560e-08 -8.88556e-09 71 80.4217 0.2080
SN: 207200 132 41 NULL 1 0.60220 0.00010 0.60220 0.00010 0.60220 0.00010 0 0 -9 -9 8.5290 6.6400 2.8386 60142.125 0.059 -4.84385e+00 2.78649e-02 0.8181 0.1483 25.2527 0.1534 1.42211e-06 2.00939e-07 -4.93187e-04 5.05109e-10 -2.44763e-08 51 64.7516 0.1103
SN: 211354 132 41 NULL 1 0.51088 0.00010 0.51088 0.00010 0.51088 0.00010 0 0 -9 -9 10.9022 6.4426 5.7664 59825.719 0.354 -1.04327e+00 0.4877 1 3.84521e-02 25.0866 6.41991e-02 1.65713e-06 9.79851e-08 -9.52539e-10 -3.57283e-08 1.38626e-15 66 73.2880 0.2795
SN: 211412 132 41 NULL 1 0.92812 0.00010 0.92812 0.00010 0.92812 0.00010 0 0 -9 -9 6.3591 5.8547 3.3201 60617.988 0.793 -5 1.1866 0.2838 0.1237 25.3399 8.64457e-02 1.31237e-06 1.04490e-07 4.93936e-10 -5.38287e-14 3.69440e-09 39 47.8959 0.1554
SN: 21199 132 41 NULL 1 0.54211 0.00010 0.54211 0.00010 0.54211 0.00010 0 0 -9 -9 13.9055 11.9222 7.3358 59870.918 0.602 -4.16946e+00 0.7435 0.9399 3.64873e-02 25.0788 4.99717e-02 1.66911e-06 7.68220e-08 3.32714e-03 -1.88897e-08 -1.66275e-09 36 70.3346 7.72316e-04
SN: 213045 132 41 NULL 1 0.22181 0.00010 0.22181 0.00010 0.22181 0.00010 0 0 -9 -9 19.4511 19.1638 11.4741 59860.871 0.307 -3.10758e+00 0.3778 1 6.08996e-03 23.4358 3.29192e-02 7.58016e-06 2.29828e-07 -2.31001e-10 -4.16205e-08 6.95167e-16 47 101.3723 1.09243e-05
SN: 213633 132 41 NULL 1 0.43337 0.00010 0.43337 0.00010 0.43337 0.00010 0 0 -9 -9 13.0033 12.2970 7.1004 59839.320 0.316 -3.11117e+00 0.4359 1 1.90198e-02 25.1717 4.19601e-02 1.53221e-06 5.92147e-08 -1.45779e-09 -8.69822e-09 5.31632e-15 61 73.9270 0.1427
SN: 216018 132 41 NULL 1 0.46140 0.00010 0.46140 0.00010 0.46140 0.00010 0 0 -9 -9 14.3002 14.2316 13.4986 59798.457 0.526 -2.91787e+00 0.3062 0.8681 4.91152e-02 24.4940 5.91874e-02 2.86024e-06 1.55922e-07 3.06758e-04 -1.07505e-08 -6.27138e-09 71 77.3859 0.3109
SN: 216433 132 41 NULL 1 0.60444 0.00010 0.60444 0.00010 0.60444 0.00010 0 0 -9 -9 8.5799 6.8677 2.4501 60244.293 0.626 -5.00000e+00 1.5954 1 4.06865e-02 25.6059 7.77188e-02 1.02716e-06 7.35256e-08 1.67925e-14 3.79621e-14 3.98123e-15 26 39.7576 5.39737e-02
SN: 21766 132 41 NULL 1 0.58775 0.00010 0.58775 0.00010 0.58775 0.00010 0 0 -9 -9 12.7437 10.8086 7.4477 60204.703 0.520 -3.16761e+00 0.5325 0.7835 7.33121e-02 24.7741 7.35387e-02 2.20979e-06 1.49673e-07 5.56025e-03 -3.93254e-08 -8.11791e-09 56 61.8481 0.3072
SN: 21893 132 41 NULL 1 0.73324 0.00010 0.73324 0.00010 0.73324 0.00010 0 0 -9 -9 8.1150 7.9609 4.1740 59868.621 0.865 -4.53847e+00 0.7724 0.8694 0.1281 25.3712 8.25808e-02 1.27500e-06 9.69759e-08 -4.45014e-03 -1.83800e-08 -7.64699e-09 56 64.9620 0.2191
SN: 220257 132 41 NULL 1 0.49382 0.00010 0.49382 0.00010 0.49382 0.00010 0 0 -9 -9 15.1824 11.6311 8.6358 60164.961 0.591 -3.22122e+00 0.4610 0.9956 0.2340 24.9642 7.44886e-02 1.85489e-06 1.27257e-07 3.25595e-03 -1.86757e-08 -6.86959e-09 61 75.7489 0.1127
SN: 22160 132 41 NULL 1 0.37230 0.00010 0.37230 0.00010 0.37230 0.00010 0 0 -9 -9 18.8946 18.7703 16.9764 59929.387 0.385 -4.47917e+00 0.5034 1 3.08136e-02 24.4396 2.57322e-02 3.00728e-06 7.12730e-08 -3.09276e-08 -6.58112e-09 2.00250e-14 28 45.4909 2.63472e-02
SN: 223529 132 41 NULL 1 0.83915 0.00010 0.83915 0.00010 0.83915 0.00010 0 0 -9 -9 7.0545 4.3615 2.5072 60222.469 1.968 -3.26011e+00 1.6404 0.6165 0.2178 25.7930 0.1127 8.64555e-07 8.97467e-08 -5.90825e-02 -6.64241e-08 -7.53540e-10 32 39.7459 0.1632
SN: 224026 132 41 NULL 1 0.46919 0.00010 0.46919 0.00010 0.46919 0.00010 0 0 -9 -9 14.7102 14.6583 10.5611 60410.605 0.529 -2.44771e+00 0.5694 0.9009 6.13058e-02 24.7061 7.52230e-02 2.35257e-06 1.62993e-07 8.03487e-03 -4.47489e-08 -8.23192e-09 26 51.3806 3.14031e-03
SN: 224687 132 41 NULL 1 0.31466 0.00010 0.31466 0.00010 0.31466 0.00010 0 0 -9 -9 18.8716 18.7115 18.5672 59924.383 0.047 -3.01680e+00 0.5362 0.9812 4.27148e-02 23.7945 5.52041e-02 5.44734e-06 2.76969e-07 -1.00171e-02 -6.64337e-08 1.05048e-08 16 51.6864 2.30306e-05
SN: 230055 132 41 NULL 1 0.54660 0.00010 0.54660 0.00010 0.54660 0.00010 0 0 -9 -9 12.7501 12.3689 7.5723 60204.594 0.463 -3.44651e+00 0.4960 0.7277 6.65607e-02 24.6820 7.14115e-02 2.40545e-06 1.58212e-07 6.12357e-03 -3.79253e-08 -8.11896e-09 51 71.4677 3.78831e-02
SN: 232734 132 41 NULL 1 0.31503 0.00010 0.31503 0.00010 0.31503 0.00010 0 0 -9 -9 17.8038 17.4168 17.3119 60182.426 0.411 -2.72632e+00 0.2518 0.8890 4.59141e-02 23.6604 5.85971e-02 6.16346e-06 3.32642e-07 2.18036e-03 -2.61659e-08 -1.30705e-08 48 78.5650 4.65257e-03
SN: 23403 132 41 NULL 1 0.57887 0.00010 0.57887 0.00010 0.57887 0.00010 0 0 -9 -9 12.8036 12.7589 10.8626 60638.695 0.588 -4.27428e+00 0.6111 0.6358 6.25787e-02 24.6194 5.21962e-02 2.54817e-06 1.22502e-07 1.13729e-03 -1.48261e-08 -4.93859e-09 25 40.1736 3.75083e-02
SN: 234834 132 41 NULL 1 0.71696 0.00010 0.71696 0.00010 0.71696 0.00010 0 0 -9 -9 7.4660 5.0630 4.4774 60598.445 1.613 -3.80850e+00 1.2731 1.0000 0.2606 25.6757 7.92858e-02 9.63176e-07 7.03358e-08 -5.50858e-07 -4.16882e-08 2.02376e-13 45 64.3232 3.83160e-02
SN: 235849 132 41 NULL 1 0.51679 0.00010 0.51679 0.00010 0.51679 0.00010 0 0 -9 -9 12.5850 8.8048 4.5571 60213.375 0.671 -3.16780e+00 0.6661 1 1.39439e-02 25.3123 5.32050e-02 1.34609e-06 6.59630e-08 -1.31425e-10 -2.28711e-08 9.29320e-17 46 63.6791 5.28597e-02
SN: 23628 132 41 NULL 1 0.42845 0.00010 0.42845 0.00010 0.42845 0.00010 0 0 -9 -9 17.1922 16.9439 14.9158 60197.738 0.449 -3.00678e+00 0.3093 0.7237 4.35939e-02 24.1725 5.02948e-02 3.84608e-06 1.78163e-07 5.73475e-04 -1.25532e-08 -6.19314e-09 56 61.7628 0.3098
SN: 237239 132 41 NULL 1 0.58256 0.00010 0.58256 0.00010 0.58256 0.00010 0 0 -9 -9 8.6987 6.3594 4.1410 60602.719 0.540 -5 0.6674 1 3.96457e-02 25.7529 5.98360e-02 8.97062e-07 4.94379e-08 -2.65247e-15 -7.67339e-15 2.62761e-15 35 31.1927 0.6965
SN: 237635 132 41 NULL 1 0.52843 0.00010 0.52843 0.00010 0.52843 0.00010 0 0 -9 -9 12.5682 7.0887 3.1059 60520.543 1.028 -1.10546e+00 0.8831 1 1.69972e-02 25.2041 9.29106e-02 1.48713e-06 1.27259e-07 -5.71316e-10 -8.22285e-08 2.86586e-16 56 75.5715 5.04199e-02
SN: 23789 132 41 NULL 1 0.58723 0.00010 0.58723 0.00010 0.58723 0.00010 0 0 -9 -9 11.0483 7.6294 5.5384 59819.035 0.442 -3.41094e+00 0.6374 0.8978 0.1286 25.0992 0.1268 1.63795e-06 1.91243e-07 2.70561e-03 -3.15458e-08 -2.01240e-08 56 47.0772 0.8228
SN: 239353 132 41 NULL 1 0.43748 0.00010 0.43748 0.00010 0.43748 0.00010 0 0 -9 -9 15.4747 14.8706 14.3801 59664.156 0.305 -3.53651e+00 0.1593 0.5441 4.05581e-02 23.7183 4.41871e-02 5.84371e-06 2.37826e-07 1.07665e-04 -2.06606e-09 -7.22518e-09 41 46.3306 0.2618
SN: 240647 132 41 NULL 1 0.26010 0.00010 0.26010 0.00010 0.26010 0.00010 0 0 -9 -9 19.2799 19.1041 19.0145 60651.051 0.688 -2.22558e+00 0.6403 1 1.23554e-02 23.7194 4.02070e-02 5.83792e-06 2.16190e-07 -1.04022e-10 2.53968e-08 7.81433e-17 19 51.6837 1.26595e-04
SN: 242644 132 41 NULL 1 0.32826 0.00010 0.32826 0.00010 0.32826 0.00010 0 0 -9 -9 18.1544 17.7609 17.7375 60533.770 0.532 -2.83416e+00 0.3013 0.7387 3.74240e-02 23.5397 4.55267e-02 6.88830e-06 2.88838e-07 2.35640e-03 -2.16829e-08 -8.88532e-09 44 75.1389 3.20793e-03
SN: 243188 132 41 NULL 1 0.68952 0.00010 0.68952 0.00010 0.68952 0.00010 0 0 -9 -9 6.1508 6.1474 4.3389 60626.559 1.016 -2.89481e+00 0.7295 0.6551 0.1133 25.3685 8.07479e-02 1.27825e-06 9.50654e-08 4.25154e-03 -2.92940e-08 -5.51572e-09 40 36.0473 0.6901
SN: 243246 132 41 NULL 1 0.67588 0.00010 0.67588 0.00010 0.67588 0.00010 0 0 -9 -9 5.6839 3.6844 3.0780 59849.816 1.018 -3.88372e+00 1.1896 0.9937 1.9415 25.7821 0.1638 8.73333e-07 1.31765e-07 3.64254e-02 -8.02110e-08 -1.82325e-08 81 61.8721 0.9525
SN: 243562 132 41 NULL 1 0.28833 0.00010 0.28833 0.00010 0.28833 0.00010 0 0 -9 -9 19.4502 19.4431 19.3133 60601.844 0.321 -2.86246e+00 0.5060 0.8594 4.17598e-02 23.4286 5.31900e-02 7.63059e-06 3.73821e-07 1.04748e-02 -1.03434e-07 -1.39309e-08 36 97.0855 2.73303e-07
SN: 244478 132 41 NULL 1 0.37723 0.00010 0.37723 0.00010 0.37723 0.00010 0 0 -9 -9 17.3973 16.9918 15.5457 59923.211 0.401 -5 0.6484 0.9318 4.78560e-02 24.3139 5.66009e-02 3.37640e-06 1.76016e-07 4.34327e-08 -2.16618e-13 -7.15000e-09 16 24.3987 0.1090
SN: 248039 132 41 NULL 1 0.54386 0.00010 0.54386 0.00010 0.54386 0.00010 0 0 -9 -9 8.6594 8.3643 3.7218 60614.023 0.627 -5 0.8238 1 1.45331e-02 25.6828 6.50035e-02 9.56951e-07 5.72931e-08 -3.34567e-15 -1.14309e-14 1.28058e-15 30 50.7890 1.39501e-02
SN: 248892 132 41 NULL 1 0.60818 0.00010 0.60818 0.00010 0.60818 0.00010 0 0 -9 -9 9.2114 5.8310 3.4095 59806.812 1.154 -3.36589e+00 0.9766 1 4.43507e-02 25.7108 6.78262e-02 9.32569e-07 5.82578e-08 -1.23183e-11 -2.74817e-08 1.75068e-16 71 72.3629 0.4658
SN: 249066 132 41 NULL 1 0.62408 0.00010 0.62408 0.00010 0.62408 0.00010 0 0 -9 -9 9.8494 7.9819 5.3394 59850.016 0.482 -4.51232e+00 0.6297 0.7921 9.62664e-02 25.0453 8.83278e-02 1.72133e-06 1.40036e-07 3.08356e-04 -3.39351e-08 -9.86391e-09 51 36.6176 0.9476
SN: 25350 132 41 NULL 1 0.77743 0.00010 0.77743 0.00010 0.77743 0.00010 0 0 -9 -9 5.9451 4.3172 2.2321 59990.844 1.754 -2.14122e+00 1.0943 0.7752 0.1985 25.6026 0.1195 1.03030e-06 1.13424e-07 1.12274e-03 -5.36547e-08 -9.14356e-09 44 37.9047 0.7642
SN: 253528 132 41 NULL 1 0.58087 0.00010 0.58087 0.00010 0.58087 0.00010 0 0 -9 -9 10.3092 6.6247 3.6721 60587.438 0.930 -3.31596e+00 0.6620 1.0000 1.7427 25.3742 6.54325e-02 1.27152e-06 7.66288e-08 -4.23259e-06 -2.30019e-08 3.80455e-12 60 58.4201 0.5700
SN: 253938 132 41 NULL 1 0.57527 0.00010 0.57527 0.00010 0.57527 0.00010 0 0 -9 -9 8.0013 5.9419 3.3300 60367.215 0.906 -3.09280e+00 1.0393 1 4.79881e-02 25.4903 7.40567e-02 1.14259e-06 7.79343e-08 -3.19951e-09 -4.84112e-08 1.38863e-15 61 65.3583 0.3609
SN: 255124 132 41 NULL 1 0.33226 0.00010 0.33226 0.00010 0.33226 0.00010 0 0 -9 -9 18.9209 18.6158 17.4796 60162.781 0.399 -3.11079e+00 0.3455 0.8791 4.16002e-02 23.8537 5.20808e-02 5.15850e-06 2.47444e-07 3.86767e-03 -2.92264e-08 -8.76950e-09 48 73.7449 1.26711e-02
SN: 255986 132 41 NULL 1 0.25719 0.00010 0.25719 0.00010 0.25719 0.00010 0 0 -9 -9 19.5994 19.3286 18.9891 59845.984 0.592 -2.28472e+00 0.3516 0.8938 4.05377e-02 23.1394 5.43287e-02 9.95952e-06 4.98360e-07 2.89823e-03 -5.10279e-08 -1.68451e-08 54 115.3711 3.57298e-06
SN: 2561 132 41 NULL 1 0.81256 0.00010 0.81256 0.00010 0.81256 0.00010 0 0 -9 -9 5.8277 3.8707 3.4790 60148.699 6.748 -4.51250e-01 1.9743 1 0.2149 25.8225 0.2213 8.41406e-07 1.71491e-07 -9.97892e-09 -2.81617e-08 8.43695e-15 56 66.2914 0.1871
SN: 257106 132 41 NULL 1 0.74043 0.00010 0.74043 0.00010 0.74043 0.00010 0 0 -9 -9 6.1098 4.6129 3.8120 60219.840 0.298 -5 0.8071 1.0000 0.1692 25.6973 0.1058 9.44249e-07 9.20208e-08 -8.37169e-14 -6.04945e-14 8.98573e-14 48 56.1563 0.2245
SN: 258867 132 41 NULL 1 0.77691 0.00010 0.77691 0.00010 0.77691 0.00010 0 0 -9 -9 7.2020 6.9288 5.2926 59867.520 1.188 -3.32360e+00 0.8918 0.6415 0.1354 25.3088 8.08187e-02 1.35049e-06 1.00526e-07 -2.26106e-03 -4.02854e-08 -4.53278e-09 60 80.2571 4.98055e-02
SN: 262970 132 41 NULL 1 0.43340 0.00010 0.43340 0.00010 0.43340 0.00010 0 0 -9 -9 13.3908 13.3073 13.0295 60159.566 0.532 -2.49886e+00 0.5035 0.9177 5.23101e-02 24.6598 6.35839e-02 2.45513e-06 1.43780e-07 3.86575e-03 -2.66446e-08 -6.23690e-09 56 67.6619 0.1577
SN: 264238 132 41 NULL 1 0.60006 0.00010 0.60006 0.00010 0.60006 0.00010 0 0 -9 -9 11.0475 8.8806 5.1455 59862.355 0.845 -3.85434e+00 0.9765 1 4.02699e-02 25.4338 5.31381e-02 1.20360e-06 5.89067e-08 -1.29376e-08 -2.89264e-08 6.73765e-15 51 47.3289 0.6578
SN: 268720 132 41 NULL 1 0.62363 0.00010 0.62363 0.00010 0.62363 0.00010 0 0 -9 -9 8.9593 7.9853 6.6398 60036.297 0.282 -3.70644e+00 0.1672 0.7682 1.37110e-03 25.1026 4.01864e-02 1.63284e-06 6.04363e-08 1.77191e-07 -1.20376e-13 -1.03584e-12 31 30.5578 0.5395
SN: 270669 132 41 NULL 1 0.02365 0.00010 0.02365 0.00010 0.02365 0.00010 0 0 -9 -9 19.9152 19.9147 19.8439 60601.223 0.281 -1.44277e+00 0.2619 0.7860 4.59318e-02 17.2063 5.74217e-02 2.35215e-03 1.24399e-04 6.71587e-03 -2.00662e-05 -4.74136e-06 19 80.9612 2.69479e-09
SN: 273700 132 41 NULL 1 0.57014 0.00010 0.57014 0.00010 0.57014 0.00010 0 0 -9 -9 8.5446 6.2502 5.7534 59674.430 0.725 -4.69682e+00 0.8658 1 0.1671 25.2817 7.85399e-02 1.38454e-06 1.00155e-07 -2.87624e-08 -5.22029e-08 2.27764e-14 31 41.3384 0.1248
SN: 273988 132 41 NULL 1 0.36699 0.00010 0.36699 0.00010 0.36699 0.00010 0 0 -9 -9 18.6873 18.6537 18.1839 59936.078 0.121 -3.38689e+00 0.4835 0.8154 3.90356e-02 24.1019 4.77840e-02 4.10445e-06 1.80640e-07 6.98341e-03 -4.38338e-08 -5.83543e-09 24 52.4039 1.06532e-03
SN: 280595 132 41 NULL 1 0.31635 0.00010 0.31635 0.00010 0.31635 0.00010 0 0 -9 -9 19.1434 18.8844 18.7419 59865.125 0.290 -3.06284e+00 0.3581 1 3.60618e-02 24.0101 2.61804e-02 4.46660e-06 1.07703e-07 -2.49272e-08 -1.15555e-08 3.82681e-14 32 95.3977 5.63757e-08
SN: 28183 132 41 NULL 1 0.29065 0.00010 0.29065 0.00010 0.29065 0.00010 0 0 -9 -9 17.5658 16.8345 16.6007 59808.715 0.330 -2.16668e+00 0.3890 0.6148 6.23885e-02 23.2742 0.1048 8.79649e-06 8.49384e-07 1.06330e-02 -2.26311e-07 -4.46385e-08 39 72.9862 7.87167e-04
SN: 288526 132 41 NULL 1 0.70868 0.00010 0.70868 0.00010 0.70868 0.00010 0 0 -9 -9 8.2516 7.8257 7.5987 60242.082 1.317 -2.42658e+00 0.7293 0.6646 0.1178 25.2663 8.17793e-02 1.40435e-06 1.05777e-07 -2.53869e-03 -1.36905e-08 -4.91042e-09 56 46.7249 0.8324
SN: 289488 132 41 NULL 1 0.64230 0.00010 0.64230 0.00010 0.64230 0.00010 0 0 -9 -9 8.5053 7.3773 5.7278 60356.617 0.366 -4.60951e+00 5.87912e-02 0.6800 3.33316e-02 25.2449 6.52715e-02 1.43235e-06 8.61088e-08 4.00575e-05 -1.96167e-10 -7.42164e-10 66 70.5556 0.3597
SN: 289507 132 41 NULL 1 0.80753 0.00010 0.80753 0.00010 0.80753 0.00010 0 0 -9 -9 5.3466 4.6540 3.0924 60629.766 1.208 -3.24611e+00 0.8006 0.6282 0.1555 25.4865 8.52980e-02 1.14652e-06 9.00732e-08 -6.44844e-03 -2.75570e-08 -3.25914e-09 52 66.4587 8.56048e-02
SN: 290943 132 41 NULL 1 0.67076 0.00010 0.67076 0.00010 0.67076 0.00010 0 0 -9 -9 7.4806 7.0852 4.4746 60626.945 0.639 -5 0.3232 0.8316 0.1116 25.3261 8.00428e-02 1.32911e-06 9.79844e-08 2.72029e-10 -7.94115e-16 -7.44780e-09 40 39.1967 0.5510
SN: 291813 132 41 NULL 1 0.59861 0.00010 0.59861 0.00010 0.59861 0.00010 0 0 -9 -9 10.6141 10.4327 9.8060 60571.016 1.162 -2.81754e+00 0.7700 0.6095 8.61678e-02 24.8486 7.70270e-02 2.06325e-06 1.46376e-07 -5.95569e-03 -4.57788e-08 -7.56415e-09 56 66.7258 0.1545
SN: 293806 132 41 NULL 1 0.56847 0.00010 0.56847 0.00010 0.56847 0.00010 0 0 -9 -9 6.8306 5.1204 3.6464 60364.289 0.920 -3.81815e+00 0.4371 1.0000 8.58047e-02 25.6181 6.41179e-02 1.01572e-06 5.99828e-08 1.67982e-07 -4.29859e-09 1.90941e-14 66 67.1584 0.4716
SN: 293965 132 41 NULL 1 0.54662 0.00010 0.54662 0.00010 0.54662 0.00010 0 0 -9 -9 9.2582 9.2450 4.9432 60359.539 0.736 -3.76541e+00 0.6160 1.0000 2.85966e-02 25.3649 5.50710e-02 1.28246e-06 6.50492e-08 -1.06051e-09 -1.41489e-08 3.12741e-15 66 69.7985 0.3837
SN: 2945 132 41 NULL 1 0.44113 0.00010 0.44113 0.00010 0.44113 0.00010 0 0 -9 -9 12.8572 12.0881 8.3832 59830.238 0.533 -2.68276e+00 0.3653 1 1.01778e-02 25.0575 3.88326e-02 1.70218e-06 6.08805e-08 -1.80635e-11 -9.42600e-09 5.74735e-16 71 96.9106 2.68211e-02
SN: 29592 132 41 NULL 1 0.60790 0.00010 0.60790 0.00010 0.60790 0.00010 0 0 -9 -9 6.5873 3.2255 2.0636 60139.184 2.934 -1.59804e+00 2.1496 1.0000 0.4315 26.0999 0.2821 6.51663e-07 1.69334e-07 -7.95924e-06 -2.96175e-07 1.48369e-12 46 40.3851 0.7414
SN: 296876 132 41 NULL 1 0.58348 0.00010 0.58348 0.00010 0.58348 0.00010 0 0 -9 -9 12.3897 10.3330 7.3760 60289.938 0.467 -5.00000e+00 0.7151 0.8986 7.26455e-02 25.1177 6.49065e-02 1.61042e-06 9.62727e-08 2.24563e-08 -6.74989e-14 -5.22083e-09 36 43.2060 0.2233
SN: 298107 132 41 NULL 1 0.71739 0.00010 0.71739 0.00010 0.71739 0.00010 0 0 -9 -9 6.0901 5.2961 4.2963 60556.672 0.568 -1.08806e+00 0.8303 0.2523 0.1221 25.1912 0.1109 1.50494e-06 1.53730e-07 1.12976e-03 -8.55900e-08 -1.95354e-09 75 112.9415 3.04586e-03
SN: 299116 132 41 NULL 1 0.28477 0.00010 0.28477 0.00010 0.28477 0.00010 0 0 -9 -9 18.4247 18.2188 17.6966 59922.348 0.209 -4.86918e+00 0.7925 1 8.54809e-03 23.9719 3.13617e-02 4.62647e-06 1.33636e-07 -1.76269e-09 -3.06241e-08 1.36592e-15 29 59.1265 1.17303e-03
SN: 299914 132 41 NULL 1 0.56109 0.00010 0.56109 0.00010 0.56109 0.00010 0 0 -9 -9 10.1705 6.0407 3.9804 59972.484 0.828 -4.19992e+00 0.7722 1 0.1104 25.5782 6.77908e-02 1.05375e-06 6.57937e-08 -5.77735e-09 -1.99804e-08 6.31281e-15 56 58.9392 0.4044
SN: 302459 132 41 NULL 1 0.59688 0.00010 0.59688 0.00010 0.59688 0.00010 0 0 -9 -9 11.8927 9.5809 5.6022 60219.941 0.578 -3.89698e+00 0.8196 1 6.06886e-02 25.2503 4.65386e-02 1.42523e-06 6.10904e-08 -2.26126e-08 -2.16498e-08 1.39759e-14 41 45.4587 0.3300
SN: 304618 132 41 NULL 1 0.43802 0.00010 0.43802 0.00010 0.43802 0.00010 0 0 -9 -9 16.8892 16.6776 16.5675 59765.492 0.481 -3.81929e+00 0.3244 0.7479 4.81261e-02 24.0805 5.78844e-02 4.18598e-06 2.23169e-07 1.45480e-03 -2.00730e-08 -8.55563e-09 55 63.0440 0.2413
SN: 307190 132 41 NULL 1 0.55568 0.00010 0.55568 0.00010 0.55568 0.00010 0 0 -9 -9 10.2006 7.9875 4.1263 59795.805 0.344 -4.22031e+00 0.6094 1 2.89265e-02 25.4329 6.14880e-02 1.20459e-06 6.82191e-08 -6.27936e-10 -1.70415e-08 2.76007e-15 76 75.3038 0.5334
SN: 307887 132 41 NULL 1 0.62403 0.00010 0.62403 0.00010 0.62403 0.00010 0 0 -9 -9 10.0079 6.8722 4.8885 60587.016 0.872 -3.58210e+00 0.7514 0.9715 0.1227 25.5360 0.1107 1.09549e-06 1.11736e-07 -4.91120e-03 -2.60051e-08 -1.03676e-08 91 68.7599 0.9666
SN: 307896 132 41 NULL 1 0.23194 0.00010 0.23194 0.00010 0.23194 0.00010 0 0 -9 -9 19.7819 19.7526 16.5993 59882.148 0.299 -3.15031e+00 0.2825 0.9022 4.39230e-02 22.8989 5.20386e-02 1.24293e-05 5.95730e-07 1.45771e-03 -5.51159e-08 -2.07304e-08 60 114.2094 4.35890e-05
SN: 308098 132 41 NULL 1 0.39503 0.00010 0.39503 0.00010 0.39503 0.00010 0 0 -9 -9 18.8511 18.7533 18.7027 60298.777 0.966 -1.66682e+00 0.7573 0.6052 4.43532e-02 23.5100 4.23713e-02 7.07964e-06 2.76286e-07 1.91675e-02 -4.70206e-08 -8.84015e-09 26 34.7567 0.1170
SN: 310086 132 41 NULL 1 0.24004 0.00010 0.24004 0.00010 0.24004 0.00010 0 0 -9 -9 19.8286 19.8149 19.1882 59870.262 0.067 -3.06874e+00 0.3333 0.5580 3.92735e-02 22.3820 4.02329e-02 2.00086e-05 7.41436e-07 -1.07074e-03 -2.94446e-08 -2.02509e-08 36 100.2253 5.73040e-08
SN: 315127 132 41 NULL 1 0.71724 0.00010 0.71724 0.00010 0.71724 0.00010 0 0 -9 -9 6.2735 3.1179 2.5832 60599.176 2.229 -3.23230e+00 1.3302 1 8.82825e-02 26.1862 0.1156 6.01899e-07 6.41037e-08 -1.97564e-08 -4.46201e-08 1.38844e-14 86 84.9298 0.5428
SN: 315473 132 41 NULL 1 0.58740 0.00010 0.58740 0.00010 0.58740 0.00010 0 0 -9 -9 11.3085 10.7758 7.6381 59844.273 0.913 -2.72043e+00 0.5098 0.8181 8.39872e-02 25.0160 7.76823e-02 1.76853e-06 1.26535e-07 -1.67822e-03 -1.57802e-08 -7.69883e-09 61 59.3478 0.5720
SN: 317127 132 41 NULL 1 0.56063 0.00010 0.56063 0.00010 0.56063 0.00010 0 0 -9 -9 12.8277 11.6899 7.5894 59883.102 0.454 -3.95296e+00 0.4231 0.8113 6.93179e-02 25.0315 7.15523e-02 1.74343e-06 1.14896e-07 5.22841e-03 -1.90616e-08 -6.31123e-09 76 101.6281 3.15951e-02
SN: 317798 132 41 NULL 1 0.65620 0.00010 0.65620 0.00010 0.65620 0.00010 0 0 -9 -9 5.7990 4.5209 3.2423 60262.062 1.786 -3.59139e+00 0.4901 0.6758 0.1823 25.3726 0.2120 1.27338e-06 2.48606e-07 3.93212e-02 -9.37224e-08 -3.60372e-08 46 40.2213 0.7474
SN: 318413 132 41 NULL 1 0.77532 0.00010 0.77532 0.00010 0.77532 0.00010 0 0 -9 -9 6.4669 6.0180 3.8098 59877.445 1.397 -1.34249e+00 1.1768 0.6529 0.1395 25.6723 9.82575e-02 9.66244e-07 8.74436e-08 3.72121e-03 -6.01922e-08 -2.99606e-09 32 44.5107 8.70352e-02
SN: 319803 132 41 NULL 1 0.64042 0.00010 0.64042 0.00010 0.64042 0.00010 0 0 -9 -9 11.8224 11.6580 7.8439 59848.703 0.642 -2.61078e+00 0.5602 0.6576 6.94838e-02 24.7597 6.30847e-02 2.23939e-06 1.30116e-07 1.42094e-03 -3.58420e-08 -5.65351e-09 86 71.6341 0.8830
SN: 321584 132 41 NULL 1 0.52919 0.00010 0.52919 0.00010 0.52919 0.00010 0 0 -9 -9 10.6251 8.8472 6.4719 60235.008 0.619 -3.85805e+00 0.8173 1.0000 0.3711 25.2239 5.33327e-02 1.46026e-06 7.17297e-08 -2.50943e-06 -2.88092e-08 8.80777e-13 26 46.7295 1.06054e-02
SN: 32347 132 41 NULL 1 0.60986 0.00010 0.60986 0.00010 0.60986 0.00010 0 0 -9 -9 10.8126 6.6626 3.4641 59870.645 0.705 -4.87985e+00 1.2907 1 1.62262e-02 25.7389 5.65599e-02 9.08726e-07 4.73388e-08 -8.44728e-11 -1.18061e-08 1.62688e-16 86 85.5496 0.5239
SN: 323863 132 41 NULL 1 0.27219 0.00010 0.27219 0.00010 0.27219 0.00010 0 0 -9 -9 19.4373 19.3719 19.1229 59893.840 0.259 -3.00942e+00 0.3187 0.9300 9.70343e-03 23.4101 2.94541e-02 7.76195e-06 2.10568e-07 1.58471e-04 -2.13052e-08 -7.78645e-10 54 115.8054 3.16753e-06
SN: 323920 132 41 NULL 1 0.49467 0.00010 0.49467 0.00010 0.49467 0.00010 0 0 -9 -9 13.8915 12.1662 10.4769 60635.371 0.266 -3.39529e+00 0.3831 0.7960 5.42461e-02 24.7983 5.94466e-02 2.16105e-06 1.18323e-07 2.37821e-03 -1.50669e-08 -5.10989e-09 51 74.7260 2.11290e-02
SN: 328512 132 41 NULL 1 0.73850 0.00010 0.73850 0.00010 0.73850 0.00010 0 0 -9 -9 7.0833 6.8809 2.6571 60609.098 0.128 -5 1.2351 0.9606 0.2002 25.9274 0.1044 7.63889e-07 7.34691e-08 -5.45334e-09 -1.13927e-14 -7.86354e-09 23 23.5758 0.4861
SN: 329126 132 41 NULL 1 0.41186 0.00010 0.41186 0.00010 0.41186 0.00010 0 0 -9 -9 16.8297 16.0775 12.7357 60067.441 1.120 -4.21317e+00 1.1600 0.9786 7.19600e-02 24.1914 0.1175 3.77962e-06 4.08936e-07 4.06486e-02 -2.30957e-07 -2.50377e-08 11 8.1363 0.7744
SN: 332888 132 41 NULL 1 0.55063 0.00010 0.55063 0.00010 0.55063 0.00010 0 0 -9 -9 11.0555 9.8381 4.3561 59939.996 1.164 -3.12048e+00 1.2579 1 1.27348e-02 25.6556 5.59820e-02 9.81228e-07 5.05934e-08 -7.74960e-10 -2.85984e-09 7.47339e-17 26 34.0262 0.1653
SN: 336755 132 41 NULL 1 0.67792 0.00010 0.67792 0.00010 0.67792 0.00010 0 0 -9 -9 9.9946 4.5671 4.4566 59839.301 1.294 -2.98209e+00 0.8876 1 4.25606e-02 25.7427 7.17558e-02 9.05589e-07 5.98500e-08 4.33282e-09 -2.21678e-08 2.12309e-15 63 57.1990 0.7137
SN: 338070 132 41 NULL 1 0.28697 0.00010 0.28697 0.00010 0.28697 0.00010 0 0 -9 -9 19.0677 18.6788 18.6478 60545.176 0.292 -2.91050e+00 0.2988 0.6719 3.94703e-02 23.0823 5.01084e-02 1.04971e-05 4.84457e-07 2.23148e-03 -4.31351e-08 -1.57762e-08 66 108.6369 9.76645e-04
SN: 339775 132 41 NULL 1 0.51407 0.00010 0.51407 0.00010 0.51407 0.00010 0 0 -9 -9 12.3122 7.4131 5.8429 60141.977 1.344 -1.00912e+00 0.6316 1.0000 0.1374 24.9521 9.79778e-02 1.87564e-06 1.69260e-07 -1.05154e-07 -7.47494e-08 1.34406e-13 51 51.0798 0.5101
SN: 33991 132 41 NULL 1 0.61937 0.00010 0.61937 0.00010 0.61937 0.00010 0 0 -9 -9 8.0484 4.4659 3.6771 59828.434 1.203 -3.28438e+00 0.7969 1 3.18391e-02 25.7778 8.80439e-02 8.76772e-07 7.10987e-08 -2.95457e-10 -3.31752e-08 2.81792e-16 76 97.8493 5.46568e-02
SN: 340428 132 41 NULL 1 0.65493 0.00010 0.65493 0.00010 0.65493 0.00010 0 0 -9 -9 9.9797 7.9546 4.5073 60613.324 0.789 -3.60771e+00 0.8393 0.8109 9.27866e-02 25.4002 7.64690e-02 1.24146e-06 8.74367e-08 2.94449e-03 -3.07542e-08 -5.03977e-09 50 63.0331 0.1203
SN: 345197 132 41 NULL 1 0.38441 0.00010 0.38441 0.00010 0.38441 0.00010 0 0 -9 -9 17.8987 17.2196 16.5959 59892.379 0.328 -2.99389e+00 0.4003 0.7222 4.10337e-02 23.9837 4.93714e-02 4.57638e-06 2.08101e-07 2.84771e-03 -3.19929e-08 -6.90995e-09 40 55.6259 6.33828e-02
SN: 345564 132 41 NULL 1 0.54530 0.00010 0.54530 0.00010 0.54530 0.00010 0 0 -9 -9 8.4585 7.7810 4.9431 60239.340 0.106 -2.59721e+00 0.5714 1 5.06981e-02 25.3416 6.79046e-02 1.31024e-06 8.19455e-08 2.11196e-09 -1.92952e-08 7.41048e-15 46 65.3908 3.91292e-02
SN: 345627 132 41 NULL 1 0.29257 0.00010 0.29257 0.00010 0.29257 0.00010 0 0 -9 -9 18.5942 18.5194 18.3852 60201.582 0.283 -2.02957e+00 0.3596 0.9361 4.48286e-02 23.6893 6.29794e-02 6.00174e-06 3.48138e-07 5.08780e-03 -6.49352e-08 -1.36746e-08 40 122.3429 5.01825e-10
SN: 345930 132 41 NULL 1 0.83398 0.00010 0.83398 0.00010 0.83398 0.00010 0 0 -9 -9 4.8138 2.9861 2.6166 60598.734 2.636 -1.09221e+00 1.6905 1 0.1863 26.2688 0.1476 5.57800e-07 7.58514e-08 5.68343e-09 -7.33881e-08 6.37886e-15 68 78.9411 0.1936
SN: 346605 132 41 NULL 1 0.55517 0.00010 0.55517 0.00010 0.55517 0.00010 0 0 -9 -9 11.6547 9.2424 6.0073 60186.941 0.744 -2.61668e+00 0.6184 1.0000 0.2263 25.4044 5.27531e-02 1.23661e-06 6.00835e-08 -1.57030e-06 -1.55530e-08 2.08058e-12 66 78.7741 0.1539
SN: 347653 132 41 NULL 1 0.38123 0.00010 0.38123 0.00010 0.38123 0.00010 0 0 -9 -9 17.6929 17.6730 16.9786 59810.695 0.394 -2.95735e+00 0.3383 0.7343 4.02264e-02 23.9107 4.51372e-02 4.89484e-06 2.03492e-07 8.84619e-04 -1.06649e-08 -6.43743e-09 52 55.9041 0.3663
SN: 348833 132 41 NULL 1 0.44291 0.00010 0.44291 0.00010 0.44291 0.00010 0 0 -9 -9 15.1025 13.7693 13.6191 60614.203 1.176 -2.38556e+00 0.4713 0.9186 0.1479 24.9278 0.1444 1.91808e-06 2.55144e-07 -6.80341e-02 1.13704e-07 -3.75311e-08 30 60.5773 1.15350e-03
SN: 350344 132 41 NULL 1 0.74387 0.00010 0.74387 0.00010 0.74387 0.00010 0 0 -9 -9 8.0596 7.7292 4.1944 60227.973 1.730 -2.71480e+00 1.1857 0.8481 0.1542 25.6531 9.61606e-02 9.83497e-07 8.71056e-08 3.65124e-03 -4.00173e-08 -6.63938e-09 52 54.4234 0.4201
SN: 354414 132 41 NULL 1 0.64361 0.00010 0.64361 0.00010 0.64361 0.00010 0 0 -9 -9 10.6159 9.2009 6.9611 60635.539 0.825 -4.66412e+00 0.8421 0.6053 8.71806e-02 24.9662 6.43226e-02 1.85152e-06 1.09690e-07 1.21258e-02 -3.50901e-08 -5.65319e-09 30 29.0887 0.5129
SN: 355907 132 41 NULL 1 0.55336 0.00010 0.55336 0.00010 0.55336 0.00010 0 0 -9 -9 10.4672 7.5582 4.2751 60381.789 0.429 -3.10539e+00 0.9065 1 2.21549e-02 25.5787 7.17028e-02 1.05320e-06 6.95543e-08 -4.77256e-10 -3.04284e-08 3.89869e-16 51 71.4323 3.81156e-02
SN: 364043 132 41 NULL 1 0.65265 0.00010 0.65265 0.00010 0.65265 0.00010 0 0 -9 -9 5.8074 3.4526 2.7531 60587.258 1.178 0.4316 1.3859 1 0.1373 26.1037 0.1299 6.49392e-07 7.76663e-08 -2.61141e-08 -7.63989e-08 6.40065e-15 60 53.0206 0.7566
SN: 365521 132 41 NULL 1 0.73391 0.00010 0.73391 0.00010 0.73391 0.00010 0 0 -9 -9 8.7692 8.0049 4.5761 60615.551 1.023 -1.51030e+00 0.8547 0.6554 0.1031 25.3824 7.49229e-02 1.26193e-06 8.70816e-08 1.03301e-02 -4.15292e-08 -3.68960e-09 39 36.8097 0.6147
SN: 368549 132 41 NULL 1 0.65061 0.00010 0.65061 0.00010 0.65061 0.00010 0 0 -9 -9 11.8635 9.4957 6.0919 60591.023 0.791 -3.48948e+00 0.5686 0.8614 9.36903e-02 25.1492 8.55552e-02 1.56433e-06 1.23268e-07 3.15366e-03 -2.98748e-08 -8.46891e-09 91 90.9167 0.5123
SN: 373476 132 41 NULL 1 0.38147 0.00010 0.38147 0.00010 0.38147 0.00010 0 0 -9 -9 15.4947 15.0322 8.4888 60521.758 0.727 -2.10175e+00 0.5772 1 1.70209e-02 24.6152 7.04659e-02 2.55807e-06 1.66023e-07 -3.64528e-10 -7.15697e-08 3.61886e-16 36 61.4823 6.94824e-03
SN: 375064 132 41 NULL 1 0.69892 0.00010 0.69892 0.00010 0.69892 0.00010 0 0 -9 -9 8.8426 6.9259 2.9804 60219.332 0.079 -3.08598e+00 3.63599e-02 0.6986 0.1381 25.3031 8.47112e-02 1.35755e-06 1.05919e-07 -1.44512e-03 6.63889e-10 -9.76729e-09 46 41.9108 0.6829
SN: 378080 132 41 NULL 1 0.52418 0.00010 0.52418 0.00010 0.52418 0.00010 0 0 -9 -9 7.7175 7.0707 4.0055 60204.137 0.418 -4.45242e+00 0.9554 1.0000 0.1894 25.4691 7.66679e-02 1.16514e-06 8.22747e-08 -2.41612e-07 -4.26724e-08 1.25821e-13 54 65.7480 0.1521
SN: 378364 132 41 NULL 1 0.59814 0.00010 0.59814 0.00010 0.59814 0.00010 0 0 -9 -9 10.7599 8.7756 5.9718 60030.875 0.817 -4.14225e+00 0.7299 0.8996 0.1157 25.3444 0.1058 1.30690e-06 1.27313e-07 -1.47176e-03 -2.64784e-08 -1.11597e-08 31 25.9155 0.7673
SN: 379894 132 41 NULL 1 0.52660 0.00010 0.52660 0.00010 0.52660 0.00010 0 0 -9 -9 9.6063 6.9155 5.3252 59826.559 0.815 -1.67563e+00 0.6510 1.0000 3.77549e-02 25.2673 8.51044e-02 1.40312e-06 1.09982e-07 -3.87519e-08 -5.65061e-08 3.17727e-14 66 77.8206 0.1722
SN: 382383 132 41 NULL 1 0.31482 0.00010 0.31482 0.00010 0.31482 0.00010 0 0 -9 -9 18.3506 18.1354 17.9267 60580.273 0.350 -2.61539e+00 0.2826 0.7821 3.97528e-02 23.6375 4.99911e-02 6.29529e-06 2.89857e-07 3.42230e-03 -3.23900e-08 -9.69395e-09 40 99.6628 8.59468e-07
SN: 384802 132 41 NULL 1 0.72280 0.00010 0.72280 0.00010 0.72280 0.00010 0 0 -9 -9 4.5625 3.5383 3.3526 59857.359 3.450 -2.54693e+00 1.8585 0.9678 0.4410 26.1119 0.2477 6.44526e-07 1.47055e-07 0.2105 -2.24325e-07 -2.67928e-08 56 66.9689 0.1721
SN: 392325 132 41 NULL 1 0.58062 0.00010 0.58062 0.00010 0.58062 0.00010 0 0 -9 -9 7.8200 7.4358 5.2058 60555.027 0.311 -2.90775e+00 0.6265 0.8285 0.1082 25.0892 0.1106 1.65317e-06 1.68355e-07 6.16256e-04 -4.21407e-08 -1.37082e-08 75 83.3976 0.2626
SN: 395562 132 41 NULL 1 0.58607 0.00010 0.58607 0.00010 0.58607 0.00010 0 0 -9 -9 12.8541 12.8530 11.0925 59963.859 0.530 -3.34199e+00 0.5778 0.6963 6.62240e-02 24.6831 6.25000e-02 2.40309e-06 1.38333e-07 2.97868e-03 -2.62510e-08 -6.77089e-09 51 52.0758 0.4710
SN: 396239 132 41 NULL 1 0.65051 0.00010 0.65051 0.00010 0.65051 0.00010 0 0 -9 -9 5.3086 4.0958 3.5304 59801.074 0.332 -4.14800e+00 2.30195e-02 0.8252 0.1608 25.7239 0.1259 9.21355e-07 1.06818e-07 -7.00113e-05 4.27344e-11 -1.26433e-08 76 85.1168 0.2465
SN: 396651 132 41 NULL 1 0.15232 0.00010 0.15232 0.00010 0.15232 0.00010 0 0 -9 -9 19.5815 19.1829 17.8861 60175.406 0.231 -2.44633e+00 0.3526 0.8770 4.44490e-02 21.8945 5.94280e-02 3.13470e-05 1.71578e-06 4.22969e-03 -3.24004e-07 -6.16428e-08 30 140.7227 6.34249e-16
SN: 398273 132 41 NULL 1 0.35247 0.00010 0.35247 0.00010 0.35247 0.00010 0 0 -9 -9 19.0704 18.8842 18.6708 60616.535 0.175 -2.82527e+00 0.2981 0.7969 3.65806e-02 23.8805 4.61832e-02 5.03261e-06 2.14068e-07 2.94755e-03 -2.89250e-08 -6.49135e-09 52 92.9136 5.78975e-04
SN: 405431 132 41 NULL 1 0.17708 0.00010 0.17708 0.00010 0.17708 0.00010 0 0 -9 -9 19.7500 19.7193 19.3838 60593.289 0.407 -3.06908e+00 0.2663 0.6520 3.55922e-02 21.7864 4.45104e-02 3.46280e-05 1.41959e-06 2.26242e-04 -7.54344e-08 -3.45233e-08 50 83.0430 3.04876e-03
SN: 40790 132 41 NULL 1 0.41439 0.00010 0.41439 0.00010 0.41439 0.00010 0 0 -9 -9 13.7060 13.5445 12.5802 60246.773 0.326 -2.16196e+00 0.3726 0.5994 5.12312e-02 24.1101 7.17202e-02 4.07352e-06 2.69084e-07 4.21596e-03 -5.41425e-08 -1.08602e-08 51 49.1677 0.5467
SN: 409266 132 41 NULL 1 0.69773 0.00010 0.69773 0.00010 0.69773 0.00010 0 0 -9 -9 8.1289 7.5155 4.4562 60597.719 0.976 -2.72373e+00 0.6759 0.7266 0.1031 25.3719 8.20698e-02 1.27422e-06 9.63169e-08 8.10573e-03 -3.14262e-08 -6.15720e-09 86 118.7723 1.33924e-02
SN: 421257 132 41 NULL 1 0.52076 0.00010 0.52076 0.00010 0.52076 0.00010 0 0 -9 -9 7.9900 5.7872 4.1502 59637.273 0.333 -1.59913e+00 0.6145 1 2.03407e-02 25.2534 8.24660e-02 1.42114e-06 1.07941e-07 -8.22229e-10 -3.85080e-08 1.42049e-15 51 61.7474 0.1669
SN: 423058 132 41 NULL 1 0.25465 0.00010 0.25465 0.00010 0.25465 0.00010 0 0 -9 -9 19.1343 19.0626 18.2398 60177.871 0.300 -3.00410e+00 0.2799 0.9780 4.60232e-02 23.3891 6.23961e-02 7.91343e-06 4.54776e-07 2.01341e-03 -4.05821e-08 -1.80764e-08 64 92.2315 1.48163e-02
SN: 423342 132 41 NULL 1 0.59457 0.00010 0.59457 0.00010 0.59457 0.00010 0 0 -9 -9 9.1587 7.6906 3.6485 60042.609 0.860 -5 1.1041 0.9680 0.1440 25.6404 0.1281 9.95078e-07 1.17411e-07 1.01623e-08 -1.85317e-14 -1.34932e-08 26 28.3908 0.3910
SN: 424167 132 41 NULL 1 0.31576 0.00010 0.31576 0.00010 0.31576 0.00010 0 0 -9 -9 17.8391 17.5191 16.4455 60550.082 0.426 -2.86910e+00 0.3070 0.9647 5.38329e-02 24.1837 6.95798e-02 3.80662e-06 2.43949e-07 3.67294e-03 -1.85628e-08 -1.14091e-08 52 70.0133 5.86682e-02
SN: 425804 132 41 NULL 1 0.65714 0.00010 0.65714 0.00010 0.65714 0.00010 0 0 -9 -9 7.2267 5.3025 3.0512 60064.285 0.267 -4.57451e+00 0.9296 1 0.2237 25.4594 0.1028 1.17552e-06 1.11320e-07 -1.92491e-09 -4.94271e-08 1.74758e-15 16 16.3137 0.5017
SN: 429705 132 41 NULL 1 0.63060 0.00010 0.63060 0.00010 0.63060 0.00010 0 0 -9 -9 9.2019 5.9972 4.7829 60342.027 1.628 -3.06955e+00 0.9629 0.8302 0.1503 25.4356 0.1267 1.20162e-06 1.40255e-07 1.34766e-02 -5.75694e-08 -1.64666e-08 61 67.8806 0.2838
SN: 429917 132 41 NULL 1 0.71937 0.00010 0.71937 0.00010 0.71937 0.00010 0 0 -9 -9 9.8178 9.0777 4.9924 59852.910 0.823 -2.80977e+00 0.6553 0.3971 0.1013 25.1665 7.74726e-02 1.53954e-06 1.09854e-07 3.77364e-03 -3.94073e-08 -4.04197e-09 86 104.6005 8.42158e-02
SN: 430411 132 41 NULL 1 0.47156 0.00010 0.47156 0.00010 0.47156 0.00010 0 0 -9 -9 11.3763 9.6098 5.9601 59789.031 0.530 -1.91542e+00 0.4998 1.0000 2.99759e-02 25.0741 5.26470e-02 1.67640e-06 8.12881e-08 -1.97305e-08 -2.42887e-08 2.52125e-14 66 83.7762 8.07744e-02
SN: 431241 132 41 NULL 1 0.60281 0.00010 0.60281 0.00010 0.60281 0.00010 0 0 -9 -9 9.9316 6.4811 4.6919 60561.172 0.991 -1.55303e+00 0.3740 0.9927 0.5793 25.4642 0.1355 1.17040e-06 1.46101e-07 1.54830e-03 -1.95659e-08 -1.56445e-08 61 45.6945 0.9401
SN: 432630 132 41 NULL 1 0.40014 0.00010 0.40014 0.00010 0.40014 0.00010 0 0 -9 -9 16.8524 16.7688 11.2789 60143.496 0.269 -2.93139e+00 0.3988 1.0000 5.01273e-02 24.4864 4.84388e-02 2.88019e-06 1.28496e-07 -3.92834e-08 -2.43010e-08 1.69670e-13 46 44.6790 0.5692
SN: 433666 132 41 NULL 1 0.58963 0.00010 0.58963 0.00010 0.58963 0.00010 0 0 -9 -9 12.7775 12.1234 10.6451 60193.902 0.565 -3.38795e+00 0.4973 0.7601 4.57430e-02 24.7506 5.18908e-02 2.25820e-06 1.07926e-07 1.45904e-04 -2.02743e-08 -2.79061e-09 56 57.0047 0.4749
SN: 43404 132 41 NULL 1 0.38728 0.00010 0.38728 0.00010 0.38728 0.00010 0 0 -9 -9 18.0478 17.4992 15.0920 60279.059 0.186 -4.19359e+00 0.5164 0.9320 4.15262e-02 24.3608 5.04640e-02 3.23357e-06 1.50293e-07 6.31685e-03 -2.77029e-08 -5.38831e-09 36 29.6391 0.7999
SN: 434866 132 41 NULL 1 0.45910 0.00010 0.45910 0.00010 0.45910 0.00010 0 0 -9 -9 13.9387 13.9024 12.2590 59857.871 0.421 -3.18520e+00 0.3093 0.9423 4.95082e-02 24.6475 6.16327e-02 2.48310e-06 1.40955e-07 1.86921e-03 -1.36528e-08 -5.93402e-09 81 114.0527 1.11248e-02
SN: 437734 132 41 NULL 1 0.46127 0.00010 0.46127 0.00010 0.46127 0.00010 0 0 -9 -9 12.6696 10.3228 7.9519 60257.766 0.801 -2.80646e+00 0.3790 0.9250 9.08006e-02 24.7418 0.1360 2.27660e-06 2.85241e-07 7.22870e-03 -5.05095e-08 -2.25458e-08 46 56.8994 0.1527
SN: 438085 132 41 NULL 1 0.56363 0.00010 0.56363 0.00010 0.56363 0.00010 0 0 -9 -9 11.6843 11.2628 7.0333 60589.480 0.419 -4.11324e+00 0.5428 0.8684 8.28767e-02 24.9312 9.05674e-02 1.91218e-06 1.59506e-07 1.00378e-02 -3.97317e-08 -1.09586e-08 50 54.4457 0.3448
SN: 440054 132 41 NULL 1 0.54608 0.00010 0.54608 0.00010 0.54608 0.00010 0 0 -9 -9 7.3378 7.0977 6.0238 60512.957 0.039 -2.59237e+00 9.80386e-03 0.4975 3.35485e-02 24.7130 6.59845e-02 2.33777e-06 1.42075e-07 1.47014e-04 -2.51283e-10 -1.84190e-09 56 52.3259 0.6147
SN: 440859 132 41 NULL 1 0.55139 0.00010 0.55139 0.00010 0.55139 0.00010 0 0 -9 -9 13.1445 10.3890 8.7757 60621.289 0.400 5.0000 0.6413 1 1.17370e-02 25.3638 4.38962e-02 1.28370e-06 5.18997e-08 1.74741e-16 2.94672e-13 1.90662e-17 20 56.8534 3.77749e-05
SN: 445166 132 41 NULL 1 0.29801 0.00010 0.29801 0.00010 0.29801 0.00010 0 0 -9 -9 17.8628 17.7634 17.7516 60212.707 0.439 -2.44753e+00 0.3396 0.8599 4.51589e-02 23.5999 5.89079e-02 6.51706e-06 3.53590e-07 4.55613e-03 -4.40400e-08 -1.40077e-08 42 93.0843 1.49227e-05
SN: 447647 132 41 NULL 1 0.41437 0.00010 0.41437 0.00010 0.41437 0.00010 0 0 -9 -9 16.7085 16.3296 15.0728 60414.445 0.455 -3.84129e+00 0.4760 0.9076 6.21753e-02 24.4010 7.57149e-02 3.11590e-06 2.17290e-07 7.70910e-03 -4.18536e-08 -1.15709e-08 26 34.1295 0.1623
SN: 448251 132 41 NULL 1 0.52552 0.00010 0.52552 0.00010 0.52552 0.00010 0 0 -9 -9 10.8284 7.7608 4.3309 60064.516 0.978 -3.26673e+00 0.9454 1.0000 0.1088 25.2194 0.1028 1.46633e-06 1.38890e-07 -6.90695e-07 -9.90462e-08 2.64493e-13 16 39.5457 1.49937e-03
SN: 448953 132 41 NULL 1 0.43295 0.00010 0.43295 0.00010 0.43295 0.00010 0 0 -9 -9 11.6077 10.3203 5.1868 60257.691 0.853 -1.38580e+00 0.4872 1.0000 0.1134 25.0497 7.22341e-02 1.71441e-06 1.14060e-07 -3.83163e-07 -4.03655e-08 3.79158e-13 46 43.6764 0.6110
SN: 449333 132 41 NULL 1 0.53795 0.00010 0.53795 0.00010 0.53795 0.00010 0 0 -9 -9 7.7592 5.6470 3.4364 60264.777 1.109 -4.30077e+00 0.8077 1 3.80823e-02 25.3166 8.31129e-02 1.34077e-06 1.02636e-07 -1.00459e-09 -3.93119e-08 8.69317e-16 26 40.6842 4.41544e-02
SN: 450197 132 41 NULL 1 0.08940 0.00010 0.08940 0.00010 0.08940 0.00010 0 0 -9 -9 19.9083 19.9053 19.8614 59855.629 0.349 -2.34227e+00 0.2843 0.6381 3.20942e-02 20.2006 3.94330e-02 1.49201e-04 5.41884e-06 3.13633e-04 -4.08955e-07 -1.13494e-07 31 106.6055 5.95718e-10
SN: 450394 132 41 NULL 1 0.57829 0.00010 0.57829 0.00010 0.57829 0.00010 0 0 -9 -9 9.5170 8.4574 4.8394 59890.582 0.751 -2.61090e+00 0.5092 1.0000 1.7624 25.4021 5.09699e-02 1.23929e-06 5.81782e-08 -4.29079e-05 -1.29827e-08 6.35102e-11 76 94.2746 8.80996e-02
SN: 451160 132 41 NULL 1 0.29956 0.00010 0.29956 0.00010 0.29956 0.00010 0 0 -9 -9 19.5790 19.4970 19.3782 59900.934 0.341 -2.83149e+00 0.2646 0.3052 3.21301e-02 22.2528 3.88397e-02 2.25358e-05 8.06166e-07 8.11327e-04 -3.98098e-08 -1.88919e-08 49 102.9602 1.04463e-05
SN: 453053 132 41 NULL 1 0.21327 0.00010 0.21327 0.00010 0.21327 0.00010 0 0 -9 -9 19.6280 19.5820 16.7919 60243.766 0.538 -1.74466e+00 0.3192 0.6899 4.33935e-02 22.5787 5.66343e-02 1.66931e-05 8.70749e-07 4.35995e-05 -8.49577e-08 -2.74703e-08 42 42.2093 0.5055
SN: 454641 132 41 NULL 1 0.64887 0.00010 0.64887 0.00010 0.64887 0.00010 0 0 -9 -9 8.3422 4.2309 3.3758 60142.742 0.190 -3.28525e+00 9.75679e-02 0.8583 1.9074 25.2449 0.3559 1.43236e-06 4.69569e-07 6.56039e-02 -4.46809e-08 -3.09932e-07 61 41.0048 0.9818
SN: 459813 132 41 NULL 1 0.64650 0.00010 0.64650 0.00010 0.64650 0.00010 0 0 -9 -9 11.2394 9.1617 6.0041 60217.840 0.060 -3.91345e+00 0.8865 0.8265 0.1027 25.1824 9.11558e-02 1.51725e-06 1.27385e-07 1.94298e-02 -5.99179e-08 -9.50969e-09 71 67.0503 0.6430
SN: 461031 132 41 NULL 1 0.51956 0.00010 0.51956 0.00010 0.51956 0.00010 0 0 -9 -9 13.2408 12.2774 5.0521 60224.797 0.808 -3.14669e+00 0.6263 1 1.61839e-02 25.5022 5.32389e-02 1.13014e-06 5.54162e-08 -2.85553e-10 -1.52652e-08 2.89225e-16 66 83.4711 8.42356e-02
SN: 463363 132 41 NULL 1 0.34866 0.00010 0.34866 0.00010 0.34866 0.00010 0 0 -9 -9 18.6747 18.6323 18.6096 60289.672 0.319 -2.75630e+00 0.5556 0.7174 4.14656e-02 23.7348 5.15786e-02 5.75549e-06 2.73418e-07 1.21285e-02 -8.97707e-08 -9.65176e-09 24 84.1252 2.53995e-08
SN: 465786 132 41 NULL 1 0.53055 0.00010 0.53055 0.00010 0.53055 0.00010 0 0 -9 -9 12.5234 9.7872 9.5261 60420.816 0.572 -3.12922e+00 0.7247 0.9001 3.70882e-02 24.8946 5.97470e-02 1.97775e-06 1.08834e-07 -5.11836e-03 -4.18128e-08 2.43569e-09 26 60.7331 2.11257e-04
SN: 470129 132 41 NULL 1 0.64465 0.00010 0.64465 0.00010 0.64465 0.00010 0 0 -9 -9 11.0581 9.8464 8.5932 59899.602 2.476 -3.10848e+00 1.7181 0.7304 9.28778e-02 24.9382 5.50693e-02 1.89984e-06 9.63612e-08 8.41640e-02 -3.21686e-08 -4.49262e-09 16 30.7148 2.16277e-02
SN: 471388 132 41 NULL 1 0.72190 0.00010 0.72190 0.00010 0.72190 0.00010 0 0 -9 -9 6.6776 5.9654 4.1839 60166.441 0.949 -4.44331e+00 1.0000 0.9077 0.1603 25.5992 0.1059 1.03352e-06 1.00798e-07 5.71515e-03 -2.54993e-08 -9.96472e-09 76 66.4050 0.8001
SN: 471898 132 41 NULL 1 0.50605 0.00010 0.50605 0.00010 0.50605 0.00010 0 0 -9 -9 12.7173 8.8808 7.2286 60540.656 0.626 -2.56620e+00 0.6113 1 8.02880e-02 25.1070 4.35744e-02 1.62634e-06 6.52709e-08 -4.30774e-09 -1.98062e-08 3.32652e-15 70 77.3002 0.2845
SN: 479850 132 41 NULL 1 0.74560 0.00010 0.74560 0.00010 0.74560 0.00010 0 0 -9 -9 7.0493 5.2169 4.0674 60558.750 3.974 -2.42590e+00 1.1691 0.9088 0.2370 25.4325 0.2843 1.20507e-06 3.15583e-07 7.20086e-02 -2.56975e-07 -5.10977e-08 56 63.6020 0.2553
SN: 480571 132 41 NULL 1 0.37628 0.00010 0.37628 0.00010 0.37628 0.00010 0 0 -9 -9 17.5190 16.8495 16.3135 60237.586 0.455 -4.12898e+00 0.5760 0.8787 5.43740e-02 24.1941 6.22435e-02 3.77003e-06 2.16130e-07 7.56272e-03 -4.30413e-08 -9.85845e-09 20 25.3127 0.2339
SN: 481142 132 41 NULL 1 0.65280 0.00010 0.65280 0.00010 0.65280 0.00010 0 0 -9 -9 10.6804 8.9324 8.0199 59878.125 0.843 -4.73844e+00 1.4558 0.6399 7.42978e-02 24.8686 7.17684e-02 2.02554e-06 1.33890e-07 2.26273e-02 -8.69400e-08 -5.22212e-09 36 38.1158 0.4185
SN: 483867 132 41 NULL 1 0.61567 0.00010 0.61567 0.00010 0.61567 0.00010 0 0 -9 -9 9.2982 5.9797 2.5961 60142.203 3.073 -2.95546e+00 1.1415 1.0000 0.1038 25.4548 0.2168 1.18049e-06 2.35735e-07 -1.77140e-07 -1.96240e-07 8.64920e-14 51 43.0106 0.8083
SN: 487159 132 41 NULL 1 0.65497 0.00010 0.65497 0.00010 0.65497 0.00010 0 0 -9 -9 8.6719 6.5236 5.1472 60184.516 1.041 -3.40294e+00 0.6818 0.9227 0.1173 25.3768 9.78777e-02 1.26843e-06 1.14347e-07 -7.13933e-04 -2.50956e-08 -9.52299e-09 66 69.8544 0.3819
SN: 487555 132 41 NULL 1 0.55801 0.00010 0.55801 0.00010 0.55801 0.00010 0 0 -9 -9 10.1341 8.5245 4.6199 60552.164 0.758 -1.78554e+00 0.5273 1.0000 0.1958 25.3981 6.40059e-02 1.24381e-06 7.33244e-08 1.08131e-07 -1.67095e-08 1.99482e-13 75 68.6540 0.7128
SN: 488462 132 41 NULL 1 0.49246 0.00010 0.49246 0.00010 0.49246 0.00010 0 0 -9 -9 12.3948 11.2395 7.9242 59805.406 0.690 -1.81375e+00 0.5481 0.9486 5.51641e-02 24.9355 6.32517e-02 1.90451e-06 1.10951e-07 1.22918e-03 -1.79905e-08 -4.96458e-09 66 94.1064 1.61695e-02
SN: 48846 132 41 NULL 1 0.39048 0.00010 0.39048 0.00010 0.39048 0.00010 0 0 -9 -9 16.6399 15.4816 13.6643 60542.977 0.312 -3.14426e+00 0.3923 0.7509 4.28331e-02 24.1250 5.32929e-02 4.01798e-06 1.97221e-07 3.53915e-03 -2.75200e-08 -7.08737e-09 66 104.5926 2.25859e-03
SN: 488723 132 41 NULL 1 0.17374 0.00010 0.17374 0.00010 0.17374 0.00010 0 0 -9 -9 19.8781 19.8681 19.4894 60629.633 0.250 -2.80554e+00 0.5085 0.7010 3.95162e-02 21.6189 5.12629e-02 4.04052e-05 1.90773e-06 4.80025e-03 -4.46718e-07 -5.87518e-08 27 108.5126 2.02397e-11
SN: 488758 132 41 NULL 1 0.52559 0.00010 0.52559 0.00010 0.52559 0.00010 0 0 -9 -9 15.0406 14.5916 8.7174 60658.953 0.289 -5 1.6076 0.9000 2.27882e-02 24.8886 3.79706e-02 1.98870e-06 6.95492e-08 3.16613e-08 -3.42820e-13 -7.70157e-10 26 60.1499 2.52118e-04
SN: 491460 132 41 NULL 1 0.70743 0.00010 0.70743 0.00010 0.70743 0.00010 0 0 -9 -9 7.4155 5.4848 4.5368 60631.953 0.764 -3.29728e+00 0.1612 0.6819 1.9919 25.4160 0.2715 1.22345e-06 3.05887e-07 0.1596 -4.80342e-08 -2.99275e-07 61 60.7356 0.5217
SN: 494697 132 41 NULL 1 0.49346 0.00010 0.49346 0.00010 0.49346 0.00010 0 0 -9 -9 12.3052 12.0701 9.9239 60654.973 0.500 -4.10788e+00 0.5611 1 4.04498e-02 25.1541 4.08313e-02 1.55732e-06 5.85663e-08 -1.18375e-09 -1.48113e-08 7.33880e-16 31 40.6462 0.1405
SN: 495280 132 41 NULL 1 0.51093 0.00010 0.51093 0.00010 0.51093 0.00010 0 0 -9 -9 16.0201 14.3344 13.9025 60642.637 0.362 -3.15517e+00 0.3969 0.6788 4.88111e-02 24.3823 5.31459e-02 3.17017e-06 1.55178e-07 4.07347e-03 -2.88207e-08 -5.81819e-09 51 99.5873 7.96626e-05
SN: 496385 132 41 NULL 1 0.29641 0.00010 0.29641 0.00010 0.29641 0.00010 0 0 -9 -9 19.0753 18.3678 18.2140 59769.277 0.225 -2.51574e+00 0.2731 0.8313 3.85636e-02 23.4001 4.94230e-02 7.83331e-06 3.56574e-07 1.56338e-03 -2.40079e-08 -1.14755e-08 45 88.6226 1.62219e-04
SN: 496759 132 41 NULL 1 0.71247 0.00010 0.71247 0.00010 0.71247 0.00010 0 0 -9 -9 5.9364 3.5474 3.1110 59866.328 1.172 -2.51990e+00 0.2860 1.0000 0.1126 25.9528 8.83459e-02 7.46272e-07 6.07239e-08 1.92174e-09 -1.03098e-08 -7.04443e-15 76 72.9420 0.6099
SN: 498449 132 41 NULL 1 0.55473 0.00010 0.55473 0.00010 0.55473 0.00010 0 0 -9 -9 13.7654 12.7962 8.0723 60586.191 0.415 -3.84817e+00 0.5147 0.7677 6.77068e-02 24.6601 7.50085e-02 2.45451e-06 1.69571e-07 8.17193e-03 -4.52017e-08 -9.25631e-09 50 79.9644 5.89503e-03
SN: 499755 132 41 NULL 1 0.33752 0.00010 0.33752 0.00010 0.33752 0.00010 0 0 -9 -9 19.2987 19.0338 18.9804 60227.465 0.313 -3.21223e+00 0.4317 0.5561 3.70846e-02 23.2016 4.40807e-02 9.40507e-06 3.81844e-07 7.32242e-03 -8.52837e-08 -1.16236e-08 28 69.0268 2.54240e-05
SN: 500555 132 41 NULL 1 0.55979 0.00010 0.55979 0.00010 0.55979 0.00010 0 0 -9 -9 11.0849 7.9704 5.0142 60214.969 0.825 -4.58157e+00 0.9713 0.9587 9.84823e-02 25.0998 0.1080 1.63706e-06 1.62855e-07 2.89212e-02 -7.68001e-08 -1.39956e-08 61 58.2569 0.6114
SN: 501686 132 41 NULL 1 0.51600 0.00010 0.51600 0.00010 0.51600 0.00010 0 0 -9 -9 10.2668 9.0680 5.8745 60557.898 0.310 -2.79093e+00 0.2088 0.9770 6.85078e-02 25.0353 8.05718e-02 1.73725e-06 1.28921e-07 1.71374e-03 -7.78722e-09 -7.99260e-09 66 126.4437 1.56234e-05
SN: 502415 132 41 NULL 1 0.68513 0.00010 0.68513 0.00010 0.68513 0.00010 0 0 -9 -9 6.3349 5.8598 5.1364 60549.180 1.144 -2.08704e+00 0.7666 0.5833 0.1209 25.1572 9.39586e-02 1.55279e-06 1.34377e-07 -2.08518e-03 -4.29292e-08 -7.70154e-09 75 86.9146 0.1637
SN: 505182 132 41 NULL 1 0.51044 0.00010 0.51044 0.00010 0.51044 0.00010 0 0 -9 -9 13.2509 10.0683 7.2111 60354.340 0.231 -3.54660e+00 0.5133 1 3.06073e-02 25.1177 4.49200e-02 1.61040e-06 6.66267e-08 -8.98049e-10 -1.40178e-08 1.00809e-15 56 74.7639 5.73028e-02
SN: 506676 132 41 NULL 1 0.53609 0.00010 0.53609 0.00010 0.53609 0.00010 0 0 -9 -9 15.2569 14.9151 11.8482 60611.738 0.448 -4.12600e+00 0.5079 0.7662 4.97839e-02 24.6653 5.26254e-02 2.44278e-06 1.18401e-07 3.02858e-03 -2.07606e-08 -4.51577e-09 50 77.7923 9.21468e-03
SN: 507929 132 41 NULL 1 0.57916 0.00010 0.57916 0.00010 0.57916 0.00010 0 0 -9 -9 8.8030 7.1974 5.7291 60549.039 1.064 -1.94277e+00 0.7204 0.9153 0.1083 25.3691 0.1096 1.27749e-06 1.29014e-07 4.37270e-03 -3.01642e-08 -1.08549e-08 75 68.9939 0.7027
SN: 508228 132 41 NULL 1 0.53614 0.00010 0.53614 0.00010 0.53614 0.00010 0 0 -9 -9 13.2506 12.3031 10.1651 60623.797 0.760 -4.15358e+00 0.4677 0.7896 5.84158e-02 24.8750 6.13029e-02 2.01365e-06 1.13695e-07 3.49330e-03 -1.84797e-08 -5.23802e-09 66 105.2075 1.99362e-03
SN: 511580 132 41 NULL 1 0.56970 0.00010 0.56970 0.00010 0.56970 0.00010 0 0 -9 -9 11.9279 10.4671 7.2872 60573.039 0.174 -2.27765e+00 0.5624 0.7499 5.25765e-02 24.8278 6.15816e-02 2.10323e-06 1.19292e-07 -2.37993e-04 -2.71736e-08 -3.97101e-09 71 63.1865 0.7613
SN: 513520 132 41 NULL 1 0.13957 0.00010 0.13957 0.00010 0.13957 0.00010 0 0 -9 -9 19.8963 19.8636 19.7935 59765.930 0.491 -3.20178e+00 0.2856 0.8991 4.63114e-02 21.5230 5.99371e-02 4.41356e-05 2.43646e-06 1.24286e-03 -1.59795e-07 -9.14505e-08 33 28.0367 0.7543
SN: 517021 132 41 NULL 1 0.40085 0.00010 0.40085 0.00010 0.40085 0.00010 0 0 -9 -9 14.8881 14.1629 14.1506 59977.293 0.506 -3.39112e+00 0.3394 0.8349 5.15646e-02 24.2217 6.30759e-02 3.67558e-06 2.13533e-07 2.70462e-03 -2.12735e-08 -9.43031e-09 51 69.9621 4.89286e-02
SN: 517485 132 41 NULL 1 0.60853 0.00010 0.60853 0.00010 0.60853 0.00010 0 0 -9 -9 9.6778 6.1646 4.6438 59790.438 0.134 -2.83404e+00 3.12341e-02 0.9388 1.7558 25.2508 0.2950 1.42462e-06 3.87012e-07 1.20079e-02 -1.15026e-08 -1.51156e-07 76 71.3039 0.6616
SN: 518183 132 41 NULL 1 0.63141 0.00010 0.63141 0.00010 0.63141 0.00010 0 0 -9 -9 8.4656 5.5313 4.8237 60556.871 2.222 -2.39967e+00 0.5561 0.7023 0.2723 25.2472 0.1420 1.42930e-06 1.86888e-07 -1.19650e-01 2.89054e-09 -2.72006e-08 61 54.1843 0.7496
SN: 520972 132 41 NULL 1 0.60452 0.00010 0.60452 0.00010 0.60452 0.00010 0 0 -9 -9 10.4413 7.8778 5.9690 60593.422 0.609 -3.97194e+00 0.6140 0.9545 9.82750e-02 25.2191 9.59118e-02 1.46677e-06 1.29572e-07 -2.52327e-03 -1.88320e-08 -1.03940e-08 55 62.6048 0.2535
SN: 521682 132 41 NULL 1 0.64570 0.00010 0.64570 0.00010 0.64570 0.00010 0 0 -9 -9 8.2184 7.3233 4.3265 60635.371 0.644 -5.00000e+00 1.5695 0.8931 0.1056 25.3487 7.95539e-02 1.30176e-06 9.53822e-08 1.16438e-07 -2.27617e-13 -7.22674e-09 30 21.1269 0.9085
SN: 523263 132 41 NULL 1 0.91309 0.00010 0.91309 0.00010 0.91309 0.00010 0 0 -9 -9 5.0193 3.4714 2.6519 59875.328 1.573 -3.07987e+00 1.3372 0.4313 0.1800 25.8915 0.1259 7.89622e-07 9.15869e-08 -1.11136e-02 -5.88009e-08 4.02191e-09 32 21.5240 0.9195
SN: 52379 132 41 NULL 1 0.40201 0.00010 0.40201 0.00010 0.40201 0.00010 0 0 -9 -9 17.1998 17.0116 15.8108 59896.965 0.920 -4.31026e+00 1.0615 0.9237 5.36119e-02 24.4399 5.88014e-02 3.00624e-06 1.62812e-07 3.14923e-02 -9.53367e-08 -7.59570e-09 16 23.3531 0.1381
SN: 524239 132 41 NULL 1 0.74680 0.00010 0.74680 0.00010 0.74680 0.00010 0 0 -9 -9 5.6018 5.3672 3.6754 59793.785 1.015 -4.35347e+00 0.9065 0.3928 0.1610 25.1634 0.1184 1.54393e-06 1.68316e-07 1.75380e-02 -8.64352e-08 -1.08183e-08 64 67.6834 0.3526
SN: 526007 132 41 NULL 1 0.69970 0.00010 0.69970 0.00010 0.69970 0.00010 0 0 -9 -9 7.2772 5.9792 3.6690 59921.527 0.929 -5 0.5168 0.9126 0.1215 25.6461 8.74486e-02 9.89831e-07 7.97241e-08 1.09747e-08 -1.95235e-14 -7.07995e-09 51 51.5694 0.4908
SN: 527674 132 41 NULL 1 0.72872 0.00010 0.72872 0.00010 0.72872 0.00010 0 0 -9 -9 7.1585 5.1827 3.4131 59838.934 0.333 -4.21149e+00 1.0114 0.8405 0.1575 25.5065 0.1039 1.12568e-06 1.07677e-07 -1.23374e-02 -1.93494e-08 -1.11496e-08 44 46.6449 0.4046
SN: 528939 132 41 NULL 1 0.49566 0.00010 0.49566 0.00010 0.49566 0.00010 0 0 -9 -9 12.3592 10.6207 7.3389 59857.969 0.587 -2.44991e+00 0.4106 0.9760 6.18234e-02 24.9315 7.87103e-02 1.91156e-06 1.38578e-07 5.04409e-03 -2.53322e-08 -7.28454e-09 71 115.4600 8.78464e-04
SN: 530146 132 41 NULL 1 0.25327 0.00010 0.25327 0.00010 0.25327 0.00010 0 0 -9 -9 19.2724 19.1696 18.7550 60402.531 0.510 -2.79599e+00 0.3869 0.7921 4.03407e-02 23.0439 5.04575e-02 1.08752e-05 5.05406e-07 3.24846e-03 -4.82968e-08 -1.65159e-08 25 64.3224 4.28502e-05
SN: 533800 132 41 NULL 1 0.41195 0.00010 0.41195 0.00010 0.41195 0.00010 0 0 -9 -9 15.7373 15.2892 13.5796 60066.879 1.016 -3.76070e+00 0.7217 0.7702 6.68505e-02 24.0483 0.1136 4.31216e-06 4.51183e-07 1.97799e-02 -2.05615e-07 -2.47723e-08 11 12.5020 0.4063
SN: 534101 132 41 NULL 1 0.35133 0.00010 0.35133 0.00010 0.35133 0.00010 0 0 -9 -9 18.7141 18.5461 18.3116 60165.820 0.398 -3.20663e+00 0.3051 0.5818 3.68800e-02 23.4849 4.21415e-02 7.24474e-06 2.81196e-07 1.59378e-03 -2.03363e-08 -7.98285e-09 48 51.1457 0.3512
SN: 534888 132 41 NULL 1 0.59190 0.00010 0.59190 0.00010 0.59190 0.00010 0 0 -9 -9 7.6349 6.8323 2.2679 59899.125 0.878 -3.43257e+00 0.8235 1.0000 1.84576e-02 25.6545 6.86464e-02 9.82167e-07 6.20982e-08 5.60581e-10 -2.01290e-08 4.19685e-15 46 54.5063 0.2106
SN: 535391 132 41 NULL 1 0.36821 0.00010 0.36821 0.00010 0.36821 0.00010 0 0 -9 -9 18.3596 18.0924 16.2799 60159.516 0.409 -2.93674e+00 0.3771 0.7003 3.86869e-02 23.5859 4.83793e-02 6.60166e-06 2.94163e-07 2.42351e-03 -3.39272e-08 -9.33999e-09 48 59.9168 0.1365
SN: 535506 132 41 NULL 1 0.64658 0.00010 0.64658 0.00010 0.64658 0.00010 0 0 -9 -9 9.3003 6.9034 4.1796 59832.188 0.867 -1.81549e+00 0.5761 0.6900 4.74913e-02 25.0110 7.36829e-02 1.77664e-06 1.20571e-07 1.26955e-03 -3.27261e-08 -2.47204e-09 61 61.1833 0.5055
SN: 537282 132 41 NULL 1 0.60703 0.00010 0.60703 0.00010 0.60703 0.00010 0 0 -9 -9 9.9329 9.0990 7.6024 60232.328 0.453 -5 0.9745 0.8009 7.67882e-02 24.8783 6.22605e-02 2.00760e-06 1.15124e-07 1.95214e-09 -1.07414e-14 -5.88724e-09 31 33.2130 0.4079
SN: 55158 132 41 NULL 1 0.48404 0.00010 0.48404 0.00010 0.48404 0.00010 0 0 -9 -9 11.4161 10.7463 7.5844 60581.133 0.559 -2.99180e+00 0.5023 0.9703 6.42117e-02 25.0515 7.96622e-02 1.71153e-06 1.25577e-07 6.35444e-03 -2.87187e-08 -6.77895e-09 50 73.3551 2.18097e-02
SN: 55870 132 41 NULL 1 0.44335 0.00010 0.44335 0.00010 0.44335 0.00010 0 0 -9 -9 15.7532 15.4491 13.2845 59811.406 0.223 -3.25768e+00 0.3182 0.7819 4.38307e-02 24.4970 4.97595e-02 2.85222e-06 1.30718e-07 4.90767e-04 -7.74252e-09 -4.65196e-09 66 62.4127 0.6360
SN: 58229 132 41 NULL 1 0.40724 0.00010 0.40724 0.00010 0.40724 0.00010 0 0 -9 -9 16.3596 15.8991 15.6894 60594.699 0.448 -3.03034e+00 0.3066 0.7989 4.67399e-02 24.1944 6.01816e-02 3.76927e-06 2.08928e-07 2.35283e-03 -1.94991e-08 -8.31634e-09 55 59.9518 0.3345
SN: 58546 132 41 NULL 1 0.29902 0.00010 0.29902 0.00010 0.29902 0.00010 0 0 -9 -9 18.3601 18.2281 17.3106 59983.086 0.052 -2.81641e+00 0.3607 1 2.00596e-02 24.0009 3.17600e-02 4.50422e-06 1.31758e-07 -7.14825e-09 -1.96836e-08 1.70674e-14 39 104.5600 1.11614e-07
SN: 58967 132 41 NULL 1 0.68642 0.00010 0.68642 0.00010 0.68642 0.00010 0 0 -9 -9 8.0168 6.5494 4.0726 59789.445 0.419 -1.80249e+00 0.6759 0.6275 0.1199 25.0803 0.1007 1.66682e-06 1.54610e-07 1.33024e-02 -5.92683e-08 -1.10789e-08 86 83.8757 0.5447
SN: 5988 132 41 NULL 1 0.45414 0.00010 0.45414 0.00010 0.45414 0.00010 0 0 -9 -9 14.8755 14.6083 12.6311 60539.547 0.866 -1.61090e+00 0.4973 0.5966 4.52791e-02 24.1514 6.04902e-02 3.92153e-06 2.18482e-07 3.69966e-04 -3.66502e-08 -6.45381e-09 46 54.2937 0.1878
SN: 61206 132 41 NULL 1 0.32437 0.00010 0.32437 0.00010 0.32437 0.00010 0 0 -9 -9 16.6449 15.8343 9.1776 60258.906 0.903 -1.81182e+00 0.3434 1 9.65680e-03 24.4701 5.86208e-02 2.92376e-06 1.57859e-07 -3.83840e-10 -1.66818e-08 9.82419e-16 32 71.4362 1.18998e-04
SN: 61930 132 41 NULL 1 0.51395 0.00010 0.51395 0.00010 0.51395 0.00010 0 0 -9 -9 13.3653 10.4457 7.6178 59917.941 0.601 -3.58495e+00 0.5624 1 1.76085e-02 24.9406 4.73860e-02 1.89573e-06 8.27375e-08 -2.30245e-09 -2.32880e-08 1.79428e-15 36 63.4278 4.39098e-03
SN: 6315 132 41 NULL 1 0.54022 0.00010 0.54022 0.00010 0.54022 0.00010 0 0 -9 -9 6.8009 4.4772 3.9012 60136.480 0.437 -1.12459e+00 1.4485 0.7765 0.1732 25.5400 0.2445 1.09144e-06 2.45830e-07 8.59180e-02 -2.71464e-07 -3.26360e-08 46 64.9544 4.22981e-02
SN: 65078 132 41 NULL 1 0.56644 0.00010 0.56644 0.00010 0.56644 0.00010 0 0 -9 -9 10.6804 6.9569 5.8840 59781.922 0.455 -3.13991e+00 0.6046 0.8637 9.26568e-02 25.1194 9.66273e-02 1.60779e-06 1.43089e-07 1.89053e-03 -3.09928e-08 -1.03597e-08 66 80.0229 0.1322
SN: 65744 132 41 NULL 1 0.55232 0.00010 0.55232 0.00010 0.55232 0.00010 0 0 -9 -9 11.3069 9.5778 3.8794 59888.301 0.095 -4.68113e+00 1.0264 1 5.27106e-02 25.4481 5.83017e-02 1.18789e-06 6.37869e-08 -2.41882e-09 -3.18335e-08 4.68465e-16 31 35.9635 0.2881
SN: 67012 132 41 NULL 1 0.17620 0.00010 0.17620 0.00010 0.17620 0.00010 0 0 -9 -9 19.8223 19.7928 18.4708 60295.980 0.494 5 1.1386 1 3.81940e-03 23.0387 3.49768e-02 1.09270e-05 3.52013e-07 3.26789e-15 1.68384e-14 4.28038e-16 17 169.0224 1.41144e-26
SN: 6801 132 41 NULL 1 0.25816 0.00010 0.25816 0.00010 0.25816 0.00010 0 0 -9 -9 19.5728 19.4252 19.2698 60546.223 0.214 -2.94534e+00 0.2629 0.8300 1.33568e-02 23.1134 3.10171e-02 1.02011e-05 2.91424e-07 9.90876e-05 -1.54426e-08 -1.72072e-09 66 120.3719 6.89831e-05
SN: 72946 132 41 NULL 1 0.63303 0.00010 0.63303 0.00010 0.63303 0.00010 0 0 -9 -9 5.9698 5.1444 3.5052 59682.145 0.204 -5 1.5586 0.8804 0.1694 25.6259 0.1448 1.00844e-06 1.34485e-07 2.81692e-08 -4.47659e-14 -1.87292e-08 31 32.8046 0.4274
SN: 75506 132 41 NULL 1 0.62588 0.00010 0.62588 0.00010 0.62588 0.00010 0 0 -9 -9 9.9563 7.4568 3.2857 60164.855 1.098 -3.29596e+00 0.9593 1.0000 9.03265e-02 25.6286 7.77553e-02 1.00594e-06 7.20404e-08 -2.57616e-09 -3.60335e-08 1.31876e-13 66 100.4168 5.13282e-03
SN: 76072 132 41 NULL 1 0.73338 0.00010 0.73338 0.00010 0.73338 0.00010 0 0 -9 -9 5.3033 3.7676 2.5509 59844.750 1.326 -4.12056e-01 1.8013 0.8209 0.1795 25.8831 0.1383 7.95686e-07 1.01372e-07 -1.10151e-02 -1.06325e-07 -9.00533e-09 40 44.0489 0.3439
SN: 76316 132 41 NULL 1 0.92884 0.00010 0.92884 0.00010 0.92884 0.00010 0 0 -9 -9 4.2038 4.1325 4.0684 60597.836 1.941 -2.06380e+00 1.2706 0.3063 0.1776 25.5848 0.1253 1.04732e-06 1.20863e-07 5.40330e-02 -8.36150e-08 1.64277e-09 43 42.5362 0.4913
SN: 80238 132 41 NULL 1 0.56921 0.00010 0.56921 0.00010 0.56921 0.00010 0 0 -9 -9 6.2963 5.7818 3.3927 60256.070 1.215 -2.84858e+00 0.7905 0.7304 0.1674 25.1867 0.1937 1.51125e-06 2.69609e-07 4.04415e-02 -1.15039e-07 -3.92307e-08 36 42.4290 0.2485
SN: 81893 132 41 NULL 1 0.66716 0.00010 0.66716 0.00010 0.66716 0.00010 0 0 -9 -9 10.0779 9.8856 7.5703 59875.348 0.872 -3.27385e+00 0.8662 0.6943 8.08525e-02 24.9688 6.31000e-02 1.84705e-06 1.07345e-07 1.28796e-02 -3.64412e-08 -4.73523e-09 36 24.3728 0.9451
SN: 81965 132 41 NULL 1 0.37110 0.00010 0.37110 0.00010 0.37110 0.00010 0 0 -9 -9 18.4724 18.3322 17.5016 59871.203 1.264 -3.93709e+00 0.7768 0.7406 4.63283e-02 23.8308 4.58680e-02 5.26843e-06 2.22570e-07 1.93747e-02 -4.67004e-08 -7.52959e-09 28 28.3855 0.4974
SN: 82791 132 41 NULL 1 0.55042 0.00010 0.55042 0.00010 0.55042 0.00010 0 0 -9 -9 11.5247 10.4498 6.5417 59837.090 0.719 -2.92753e+00 0.6686 0.9526 9.37189e-02 25.2233 0.1058 1.46115e-06 1.42360e-07 9.21468e-03 -4.31457e-08 -1.08974e-08 61 63.7838 0.4135
SN: 8297 132 41 NULL 1 0.43228 0.00010 0.43228 0.00010 0.43228 0.00010 0 0 -9 -9 11.8633 11.3663 6.7301 59803.957 0.618 -3.50868e+00 0.6102 1 1.09909e-02 25.1604 3.96747e-02 1.54823e-06 5.65751e-08 -1.62680e-10 -1.10961e-08 1.69469e-16 66 80.4421 0.1254
SN: 85508 132 41 NULL 1 0.57177 0.00010 0.57177 0.00010 0.57177 0.00010 0 0 -9 -9 9.6969 6.9432 4.8230 60419.641 0.812 -5 1.4092 1 3.14914e-02 25.5023 6.42880e-02 1.12996e-06 6.69066e-08 -9.57557e-18 -2.20117e-16 5.30119e-16 26 24.0566 0.6272
SN: 87457 132 41 NULL 1 0.52191 0.00010 0.52191 0.00010 0.52191 0.00010 0 0 -9 -9 11.5652 8.7385 7.6589 59831.621 0.956 -2.75089e+00 0.6283 0.9113 8.08135e-02 25.1336 9.54644e-02 1.58700e-06 1.39539e-07 6.86492e-03 -3.58270e-08 -9.04849e-09 61 59.0547 0.5826
SN: 89914 132 41 NULL 1 0.71233 0.00010 0.71233 0.00010 0.71233 0.00010 0 0 -9 -9 9.0544 7.5886 4.4016 60559.188 0.378 -1.97096e+00 0.6994 0.6997 0.1469 25.0607 0.1125 1.69709e-06 1.75840e-07 1.08867e-02 -5.27871e-08 -1.59905e-08 66 81.9764 0.1030
SN: 90361 132 41 NULL 1 0.51666 0.00010 0.51666 0.00010 0.51666 0.00010 0 0 -9 -9 8.3097 7.3510 5.6475 60246.980 0.936 -2.86303e+00 0.8229 0.8523 9.98331e-02 25.0582 0.1232 1.70100e-06 1.93030e-07 1.25859e-02 -7.72987e-08 -1.49447e-08 41 48.8695 0.2165
SN: 93123 132 41 NULL 1 0.68978 0.00010 0.68978 0.00010 0.68978 0.00010 0 0 -9 -9 7.1137 4.7857 4.0073 60633.730 0.438 -4.32968e+00 0.8530 0.4644 0.1387 25.5606 0.1016 1.07096e-06 1.00240e-07 1.75115e-02 -4.33902e-08 -6.53696e-09 56 74.6456 4.85871e-02
SN: 93886 132 41 NULL 1 0.76122 0.00010 0.76122 0.00010 0.76122 0.00010 0 0 -9 -9 6.3308 4.5470 2.9595 59930.707 0.058 -4.41801e+00 3.12937e-02 1 0.1271 26.2456 8.89946e-02 5.69869e-07 4.67105e-08 4.86323e-08 -1.39679e-11 -3.43492e-17 28 29.4781 0.4404
SN: 9598 132 41 NULL 1 0.67000 0.00010 0.67000 0.00010 0.67000 0.00010 0 0 -9 -9 7.7708 5.0662 3.2969 60623.625 1.840 5.0000 1.4655 1 3.49342e-02 26.1325 0.1136 6.32439e-07 6.61772e-08 5.39435e-15 3.92230e-14 2.67178e-16 20 25.1825 0.2393
SN: 96274 132 41 NULL 1 0.48713 0.00010 0.48713 0.00010 0.48713 0.00010 0 0 -9 -9 15.3609 14.7816 12.2899 60636.988 0.402 -3.37933e+00 0.3446 0.8290 4.99997e-02 24.6010 5.48589e-02 2.59188e-06 1.30960e-07 1.95270e-03 -1.37933e-08 -5.24454e-09 51 90.4161 7.65631e-04
SN: 96831 132 41 NULL 1 0.47524 0.00010 0.47524 0.00010 0.47524 0.00010 0 0 -9 -9 12.3769 11.9958 10.8745 60507.098 0.270 -3.03746e+00 0.3249 0.5507 7.41116e-02 24.0621 8.04473e-02 4.25764e-06 3.15469e-07 -1.75227e-03 -1.98322e-08 -1.78509e-08 56 50.5789 0.6795
