NVAR:  9
VARNAMES: CID MJD Tobs FLUXCAL FLUXCAL_ERR DATAFLAG BAND CHI2 IFIT 
OBS: 703785    62621.270    -8.51  -2.1121e+00   9.8905e+00   1  u  0.00  1
OBS: 703785    62624.227    -5.55   7.7604e-01   2.3406e+00   1  g  0.00  1
OBS: 703785    62657.121    27.34   5.2716e+00   3.0939e+00   1  g  0.00  1
OBS: 703785    62630.250     0.47   1.3433e+02   3.5724e+00   1  r  0.00  1
OBS: 703785    62644.281    14.50   1.4780e+00   2.4362e+00   1  r  0.00  1
OBS: 703785    62649.152    19.37   9.5486e-01   1.7492e+00   1  r  0.00  1
OBS: 703785    62652.133    22.36  -2.9016e-01   3.5443e+00   1  r  0.00  1
OBS: 703785    62632.254     2.48   3.4634e+01   4.2800e+00   1  i  0.00  1
OBS: 703785    62643.238    13.46  -7.7425e+00   7.0553e+00   1  i  0.00  1
OBS: 703785    62653.195    23.42   1.6151e+00   4.7598e+00   1  i  0.00  1
OBS: 703785    62655.223    25.45   6.1847e-01   5.1487e+00   1  i  0.00  1
OBS: 703785    62656.121    26.34   1.0750e+00   4.2706e+00   1  i  0.00  1
OBS: 703785    62633.242     3.46   3.2252e+01   1.2146e+01   1  z  0.00  1
OBS: 703785    62637.266     7.49  -2.3458e+01   5.5078e+01   1  Y  0.00  1
OBS: 703785    62639.227     9.45   5.5960e+01   4.2461e+01   1  Y  0.00  1
OBS: 703785    62642.332    12.55  -1.5432e+01   2.3880e+01   1  Y  0.00  1
